101
102
103
105
106
107
108
109
110
111
112
114
115
116
117
119
120
123
125
128
130
131
132
133
134
135
136
137
138
139
140
142
146
148
150
155
158
160
163
165
167
168
170
171
172
173
174
175
176
177
178
179
180
183
186
189
190
193
196
199
201
204
208
210
211
212
213
214
215
216
217
220
221
222
223
224
225
226
230
231
232
233
234
235
236
237
238
239
240
241
242
243
244
245
246
247
248
260
262
264
266
268
270
274
275
276
277
279
280
281
282
283
284
285
286
287
288
289
290
293
294
295
297
298
300
301
305
306
310
312
315
316
318
320
325
330
333
334
335
338
406
407
410
411
412
413
414
415
416
417
418
419
420
422
424
426
428
430
431
432
433
434
435
436
437
438
440
441
442
443
444
445
446
447
448
449
450
452
453
454
455
457
458
459
501
502
503
504
505
506
507
508
509
510
511
512
513
514
515
516
517
518
519
520
522
524
526
530
532
534
536
538
540
541
542
543
544
545
546
548
549
550
551
552
553
554
555
556
557
558
559
560
561
562
563
564
565
566
567
568
569
570
571
575
580
581
582
583
584
585
586
587
588
589
600
601
602
603
604
605
606
607
608
609
610
611
612
613
615
616
618
620
625
630
635
640
645
650
651
652
653
654
655
656
657
658
660
661
662
666
670
673
677
680
683
687
