-1	-1	-1	595500	658200	431500	511500	387500	513500	562300	294100	400400	571900	330200	717900	620000	311500	651000	292000	436200	290500	404000	463100	447700	525300	636800	292700	397100	343000	502900	366400	605000	451114	326672	301559	498420	644483	401497	464328	654819	755517	750758	726983	328374	328040	432871	459996
-1	-1	-1	6215500	6398000	6637500	6247500	6648500	6227400	6337200	6218100	6399700	6378800	6281400	6269400	6403000	6184300	6418600	6319000	6343000	6416000	6251000	6143100	6280400	6582000	6182900	6520800	6570600	6633000	6550000	6539600	6484500	6164485	6199986	6539823	6493649	6322535	6679596	6674468	6567002	6430863	6351415	6454695	6651218	6383118	6371438	6231089
-1	-1	-1	2684	1798	1050	2549	1019	2588	2073	2611	1772	1880	2337	2422	1793	2774	1709	2145	2061	1672	2486	2887	2349	1147	2804	1283	1159	1040	1220	1232	1454	1	2	3	4	5	3056004	3056006	3154003	3253001	3253003	3253004	1013	1856	1914	2583
1980	1	15	-1	-1	65.2	75	32	40	-1	65	9	-1	47	30	-1	39.3	60.6	20.8	29	23.1	-1	-1	-1	33	111	3	49	-1	-1	31	67	19	48	6	36	55	-1	-1	-1	-1	-1	-1	0	66	39	32
1980	2	15	-1	-1	152.6	156	107	197	-1	78	60.6	-1	150	97	-1	45.8	123.6	92.6	88.8	108.1	-1	-1	-1	126	178	56	90	-1	-1	97	79	151	42	31	36	84	-1	-1	-1	-1	-1	-1	197	76	156	465
1980	3	15	-1	-1	142.6	78	91	126	-1	168	164.5	-1	78	115	-1	130.3	196.1	103	71	146.4	-1	-1	-1	182	103	334	210	-1	-1	245	272	84	201	242	183	172	-1	-1	-1	-1	-1	-1	112	126	148	150
1980	4	15	-1	-1	103.9	139	107	202.5	-1	99	258.3	-1	229	127	-1	96.9	243.7	248.1	229.1	326.1	-1	-1	-1	376	154	140	93	-1	-1	166	144	258	122	43	345	166	-1	-1	-1	-1	-1	-1	63	317	248	113
1980	5	15	-1	-1	85.3	63	32	85.5	-1	97	130	-1	104	80	-1	119.7	69.7	80.8	173	127.1	-1	-1	-1	84	69	58	27	-1	-1	54	76	143	120	70	78	49	-1	-1	-1	-1	-1	-1	110	133	163	150
1980	6	15	-1	-1	118	120	74	131	-1	104	100.1	-1	139	166	-1	119.5	174.2	130.8	107	62.2	-1	-1	-1	179	191	39	120	-1	-1	37	154	126	104	58	138	237	-1	-1	-1	-1	-1	-1	33	83	116	142
1980	7	15	-1	-1	58.6	88	21	112	-1	86	36.2	-1	85	136	-1	103.1	49.8	103.6	62	82.8	-1	-1	-1	110	116	30	12	-1	-1	11	45	94	87	9	67	108	-1	-1	-1	-1	-1	-1	29	83	43	102
1980	8	15	-1	-1	67.7	160	63	108.5	-1	37	103.8	-1	68	148	-1	57.7	108.1	32.4	98	40.3	-1	-1	-1	93	107	49	31	-1	-1	33	84	48	33	39	44	124	-1	-1	-1	-1	-1	-1	23	58	103	79
1980	9	15	-1	-1	15.9	42	36	43	-1	77	29.6	-1	52	72	-1	34.3	16.8	84.9	38	74.8	-1	-1	-1	28	25	74	52	-1	-1	36	30	98	34	44	60	18	-1	-1	-1	-1	-1	-1	52	77	26	82
1980	10	15	-1	-1	336	170	392	160	-1	107	81	-1	117	126.1	-1	114	188.1	111.8	163	101.8	-1	-1	-1	421	102	127	281	-1	-1	189	210	130	122	180	266	161	-1	-1	-1	-1	-1	-1	325	172	141	131
1980	11	15	-1	-1	143	177	129	136	-1	115	145	-1	126	61	-1	136.6	142.4	118.7	180.2	134.7	-1	-1	-1	199	63	174	139	-1	-1	129	64	210	149	159	85	69	-1	-1	-1	-1	-1	-1	117	140	148	179
1980	12	15	-1	-1	140.7	87	129	76	-1	59	54	-1	125	72	-1	57.9	127.8	67.4	59.5	79.3	-1	-1	-1	177	41	135	191	-1	-1	184	174	16	70	115	138	124	-1	-1	-1	-1	-1	-1	76	57	59	59
1981	1	15	156	64	137	180	186	141	106	185	244	108	266	88	203	93	60	275	205	220	152	130	254	264	139	198	238	163	73	162	154	153	194	190	181	53	221	194	216	122	47	129	175	437	219	170
1981	2	15	146	97	186	177	213	94	129	79	209	344	126	128	302	120	158	59	184	110	75	113	122	267	145	188	336	245	203	133	161	127	87	188	215	129	222	251	236	140	80	165	276	341	197	91
1981	3	15	118	42	66	56	85	93	49	42	27	75	27	22	12	45	25	38	49	25	45	73	100	43	91	63	94	74	99	52	34	70	41	92	111	33	47	37	34	8	44	37	64	25	25	106
1981	4	15	58	80	48	25	90	61	72	53	68	103	100	103	61	42	74	88	98	48	84	92	92	134	70	128	164	156	64	130	99	77	49	114	107	96	28	53	102	117	49	87	62	57	84	66
1981	5	15	296	166	256	205	124	343	171	72	243	205	383	240	201	343	229	282	231	212	342	288	376	150	282	179	309	179	229	257	191	298	168	187	195	182	41	109	175	162	118	195	195	200	228	197
1981	6	15	28	198	97	0	66	25	52	21	29	109	26	39	169	18	150	13	18	21	40	46	27	99	33	44	100	111	119	120	161	49	47	38	35	54	58	71	84	162	158	182	65	21	34	37
1981	7	15	117	129	66	60	48	118	136	62	97	322	93	142	239	56	81	57	111	55	111	86	72	92	113	50	70	37	75	65	77	60	80	40	87	196	71	62	85	118	198	128	25	127	121	101
1981	8	15	97	51	48	64	89	78	95	65	113	134	56	77	15	61	63	51	88	72	70	69	81	31	114	82	85	87	54	113	69	72	102	88	100	96	45	14	45	25	33	36	77	75	117	63
1981	9	15	77	276	95	44	58	134	156	68	139	330	75	283	107	86	176	45	126	61	87	135	100	164	126	79	87	71	140	83	201	92	128	82	196	192	86	121	196	259	194	241	63	88	109	96
1981	10	15	20	19	56	8	50	37	60	33	25	54	26	44	99	46	24	16	38	19	22	89	39	49	31	41	16	47	29	19	48	35	43	34	55	30	56	53	52	39	15	49	72	22	34	44
1981	11	15	135	137	121	37	54	49	37	98	59	161	72	140	59	157	98	39	35	62	69	64	38	52	111	104	46	64	88	76	99	108	122	114	125	82	77	81	140	121	156	118	57	44	42	45
1981	12	15	138	37	135	95	104	115	52	100	87	55	140	73	25	118	40	132	100	98	150	103	106	141	91	130	150	132	143	81	89	106	193	112	140	90	149	178	104	58	28	67	129	80	72	221
1982	1	15	58	63	70	12	42	27	80	39	62	24	29	42	104	101	90	45	72	14	26	34	70	80	81	55	40	64	67	49	116	25	59	30	62	14	100	93	85	0	64	68	67	19	76	15
1982	2	15	47	254	361	56	213	70	117	123	199	247	134	220	3	104	226	201	122	165	100	102	105	207	100	138	282	202	231	228	174	72	115	161	166	232	227	308	217	215	421	170	251	128	152	86
1982	3	15	49	57	29	34	45	125	4	88	56	39	65	17	178	94	28	85	46	116	44	72	151	71	117	24	49	42	25	54	24	54	92	46	16	44	20	45	12	28	69	82	47	83	26	73
1982	4	15	42	10	21	64	31	49	23	45	0	22	44	51	90	29	20	90	19	116	25	34	21	56	87	82	38	37	71	63	26	12	28	109	93	21	49	32	28	10	11	18	42	48	24	79
1982	5	15	204	146	179	164	122	184	120	118	146	155	290	112	85	93	127	232	274	137	216	125	331	229	161	57	122	123	177	134	140	148	103	87	140	100	184	232	228	85	96	105	175	177	140	133
1982	6	15	186	104	127	178	117	215	240	110	207	277	134	214	129	111	151	116	97	170	147	220	153	98	226	188	175	152	105	194	111	150	115	156	62	246	110	166	123	150	136	121	117	216	204	166
1982	7	15	122	178	71	156	56	97	215	102	172	281	124	245	144	86	181	48	177	127	110	113	137	141	164	50	44	15	97	60	138	127	88	6	54	242	50	107	219	218	101	230	25	96	195	111
1982	8	15	94	128	167	144	129	116	99	30	27	101	94	190	156	64	129	48	46	36	129	71	84	178	141	44	144	87	175	56	172	80	30	49	67	104	207	200	180	159	42	167	91	14	97	142
1982	9	15	70	153	219	85	169	76	132	97	105	118	89	55	204	166	171	100	124	110	80	152	89	246	68	133	228	218	174	131	224	111	93	138	167	124	245	249	245	156	93	155	251	92	120	73
1982	10	15	65	137	117	75	74	60	132	87	137	145	95	89	114	92	180	82	110	70	70	64	61	181	65	117	116	53	89	70	103	45	69	187	136	100	127	125	274	135	57	143	68	45	75	69
1982	11	15	46	94	315	72	254	47	93	27	63	155	57	68	67	40	78	55	122	143	27	39	74	214	34	170	180	190	142	134	133	62	45	155	155	59	270	321	222	111	82	129	201	81	60	28
1982	12	15	71	44	35	47	77	103	31	17	43	73	30	21	28	90	62	16	83	38	25	58	75	95	58	95	99	80	108	64	28	46	18	96	60	88	100	149	83	47	42	66	45	30	44	38
1983	1	15	116	62	162	172	48	95	86	48	89	94	85	150	76	30	69	80	33	76	36	91	52	104	92	186	188	80	118	186	81	39	46	215	41	299	83	269	188	179	109	123	91	40	39	49
1983	2	15	60	276	428	107	433	91	100	81	138	132	187	54	77	95	171	143	137	164	96	113	171	435	92	279	279	261	420	298	124	84	111	197	289	84	449	368	360	211	151	240	366	183	115	143
1983	3	15	17	40	92	40	101	41	51	45	75	64	65	22	138	42	42	42	57	136	48	36	82	90	14	69	65	85	125	44	51	49	42	77	70	25	161	130	94	24	6	33	111	75	48	65
1983	4	15	143	64	80	64	116	114	120	54	76	84	164	70	153	70	61	85	119	157	60	73	170	84	103	58	211	132	86	194	91	55	30	83	93	89	138	162	101	55	104	65	147	101	136	67
1983	5	15	76	74	299	51	311	47	109	32	154	95	52	47	191	39	79	60	96	90	71	43	50	210	58	176	172	347	190	180	153	37	50	129	143	56	183	317	225	76	56	96	340	91	103	34
1983	6	15	124	58	80	70	82	118	65	31	46	78	43	66	91	29	58	37	66	44	101	104	46	107	132	19	21	42	45	20	77	84	34	11	26	78	56	29	154	92	72	84	56	45	59	61
1983	7	15	58	121	122	7	102	39	108	4	74	120	25	98	34	13	207	24	67	63	33	23	44	163	46	118	113	116	167	141	262	20	8	33	147	92	83	180	224	210	52	240	131	65	75	34
1983	8	15	216	168	48	108	37	221	219	107	145	223	179	206	74	175	174	120	153	110	163	198	179	56	205	70	48	30	51	72	44	197	147	86	92	139	46	46	72	154	158	146	37	178	181	216
1983	9	15	260	119	48	119	50	259	197	117	151	161	152	136	82	107	127	163	186	127	143	105	253	90	202	139	113	90	109	107	129	102	150	91	122	157	25	41	108	94	65	103	95	165	175	203
1983	10	15	172	97	87	95	112	208	71	104	43	165	128	98	203	145	144	90	50	86	102	265	77	119	263	78	131	114	78	117	104	164	126	90	69	203	84	141	116	93	146	107	89	63	62	277
1983	11	15	154	350	151	180	138	118	187	110	168	155	67	204	343	117	147	47	152	134	121	128	54	159	176	109	123	198	154	115	147	113	154	107	99	234	103	142	59	289	142	329	87	147	161	146
1983	12	15	154	79	19	98	19	133	85	71	23	100	147	50	23	57	84	67	33	66	99	54	69	21	40	29	96	20	20	8	13	69	77	32	15	83	40	25	106	41	67	83	102	87	19	103
1984	1	15	228	152	343	187	230	109	201	171	267	287	179	235	86	128	186	125	107	125	286	157	115	253	111	126	223	150	222	203	152	134	115	133	127	255	301	155	406	177	164	145	141	135	201	132
1984	2	15	350	369	333	310	332	397	378	302	552	366	579	309	127	342	298	758	493	506	480	121	461	184	173	449	343	292	280	348	275	172	284	369	298	374	127	232	187	279	226	170	292	528	554	397
1984	3	15	7	50	198	12	141	22	15	135	122	18	51	22	122	87	58	98	47	111	43	66	29	81	32	152	104	132	83	112	18	79	141	31	108	6	161	192	119	125	57	84	193	74	62	24
1984	4	15	77	85	125	42	85	83	119	67	114	143	77	136	119	88	127	63	97	136	56	135	55	149	96	85	58	63	142	100	191	107	81	217	97	145	133	163	188	189	171	245	56	127	112	73
1984	5	15	102	178	177	78	90	115	162	109	133	235	136	178	70	103	240	91	106	89	83	160	137	291	125	162	89	105	203	126	279	98	115	141	248	137	133	285	417	278	252	282	51	184	111	104
1984	6	15	143	181	132	141	105	161	228	35	130	215	104	219	31	72	199	69	105	78	124	87	109	186	152	98	171	84	165	85	195	69	61	125	104	231	147	198	245	215	207	250	70	108	156	123
1984	7	15	212	323	101	201	120	231	215	56	181	385	154	236	111	94	263	86	197	48	120	121	171	103	172	37	130	113	128	71	156	151	79	24	153	232	52	119	159	192	276	145	103	100	181	153
1984	8	15	40	19	25	19	18	22	34	3	24	16	16	39	172	8	18	11	19	11	9	36	16	42	55	11	18	17	33	13	25	24	6	27	26	49	74	92	64	95	90	106	18	16	30	29
1984	9	15	64	60	207	56	184	79	137	60	165	105	113	118	103	62	108	92	144	125	45	65	91	156	96	137	156	124	145	145	109	53	55	140	156	91	178	212	140	98	141	128	140	143	141	72
1984	10	15	152	133	125	120	104	135	104	189	170	113	352	111	66	182	126	264	157	150	149	220	138	74	155	158	92	96	94	153	155	161	155	142	200	97	99	133	75	133	100	166	125	135	154	138
1984	11	15	61	56	144	117	95	57	32	88	107	72	158	44	92	87	73	103	56	84	104	68	93	174	51	86	74	106	116	115	117	74	93	84	62	49	114	121	74	37	24	42	116	120	92	92
1984	12	15	6	35	28	10	46	21	21	27	28	8	32	21	218	30	27	40	14	28	21	31	19	51	24	39	59	27	33	43	47	33	32	42	52	22	64	64	47	56	64	23	55	17	15	19
1985	1	15	92	110	66	98	36	86	45	26	28	85	92	70	290	45	109	54	61	51	36	50	26	86	58	36	82	59	54	39	78	50	23	39	86	57	75	46	100	84	95	134	19	63	99	75
1985	2	15	20	51	103	10	115	8	14	60	32	23	74	52	31	39	27	74	29	58	33	31	38	172	94	73	147	232	80	166	85	107	89	123	67	13	135	148	38	66	67	22	186	52	32	27
1985	3	15	194	152	262	163	227	192	159	31	220	232	219	78	52	73	160	120	180	195	205	230	169	260	127	288	181	157	238	319	182	133	95	260	283	197	173	219	261	175	110	257	165	208	195	205
1985	4	15	92	74	116	73	108	101	91	229	156	137	134	44	76	186	70	92	110	110	108	130	75	137	84	202	156	160	143	207	107	161	160	153	85	81	47	188	169	99	53	111	162	114	160	115
1985	5	15	65	111	151	110	188	118	84	149	130	84	201	45	10	276	110	34	83	59	171	223	121	234	93	165	184	95	192	228	74	62	40	146	189	31	244	119	150	40	50	81	141	75	96	125
1985	6	15	80	116	75	153	102	150	129	92	108	113	203	88	41	81	107	144	190	121	137	162	226	117	157	61	94	90	107	167	161	296	282	70	71	113	95	127	137	81	95	77	105	119	123	119
1985	7	15	68	161	137	61	150	52	103	59	49	94	84	88	172	56	142	60	52	57	28	30	34	127	37	63	171	134	119	100	168	18	40	85	138	101	148	145	137	147	86	199	107	68	59	36
1985	8	15	108	249	80	70	100	106	110	37	70	172	114	145	110	51	186	84	74	50	86	54	110	131	94	83	97	95	137	85	155	64	56	63	143	129	92	102	205	181	237	160	94	69	70	118
1985	9	15	108	256	107	38	120	86	86	82	54	170	90	84	140	70	219	71	38	26	93	115	75	159	140	50	85	98	152	150	193	97	97	37	113	111	86	174	238	201	183	207	88	25	48	94
1985	10	15	156	117	111	114	165	173	147	173	156	139	271	123	38	155	133	130	211	120	144	183	194	95	157	184	210	158	123	132	161	150	138	163	169	113	111	97	99	86	101	81	181	103	203	154
1985	11	15	54	66	4	77	4	83	79	184	42	110	63	80	52	186	65	59	46	63	89	183	88	30	71	112	53	48	12	61	26	66	173	71	38	95	24	43	4	11	29	30	47	69	133	87
1985	12	15	5	19	28	10	31	7	26	50	111	62	69	2	85	39	22	97	95	104	53	15	24	20	6	32	18	65	19	33	20	29	45	40	52	16	40	49	43	49	19	27	57	76	92	23
1986	1	15	125	186	217	181	294	114	148	126	82	144	203	100	51	86	138	139	83	129	122	125	100	148	172	122	169	148	167	145	114	123	73	163	165	148	230	232	155	137	100	219	183	107	47	127
1986	2	15	62	127	76	69	142	58	42	25	8	77	120	56	10	30	75	46	28	17	43	24	69	51	65	106	69	138	77	95	97	96	63	72	97	151	69	135	102	134	115	97	105	7	14	37
1986	3	15	97	82	319	97	415	85	69	93	105	133	141	82	66	47	155	109	111	172	92	34	114	194	146	152	303	168	172	179	181	27	57	117	227	93	215	383	0	145	132	151	174	146	73	61
1986	4	15	46	120	311	41	416	51	143	158	241	148	124	58	79	275	136	164	153	226	106	132	69	263	39	324	232	337	210	351	192	84	240	329	252	70	288	336	0	128	123	107	302	279	190	123
1986	5	15	203	166	243	157	320	137	232	61	253	322	59	124	27	114	243	99	178	190	165	89	122	208	171	152	185	246	134	202	180	111	110	267	188	194	221	224	0	192	130	238	214	188	237	142
1986	6	15	70	121	114	118	190	99	101	108	123	181	88	129	9	98	83	75	119	56	84	151	85	50	94	67	85	167	61	111	44	105	157	89	23	116	75	120	109	81	102	83	114	58	87	117
1986	7	15	85	32	31	78	30	100	62	36	95	134	69	78	50	32	33	52	36	24	91	52	52	28	104	31	32	35	26	30	29	72	41	37	38	71	48	33	62	25	37	38	39	21	55	90
1986	8	15	402	139	69	453	71	343	200	140	117	197	246	402	118	235	71	153	135	85	228	319	230	67	414	80	121	80	76	93	66	162	187	73	48	197	83	44	174	111	158	126	43	136	142	358
1986	9	15	111	77	113	107	135	127	79	101	91	83	120	112	68	92	91	83	80	84	109	148	113	128	112	121	96	118	146	137	84	167	144	148	115	64	97	159	125	63	67	46	145	99	113	122
1986	10	15	148	178	148	98	120	153	186	155	243	198	287	91	42	224	176	222	307	170	170	134	177	188	147	92	108	102	159	71	143	140	175	102	113	149	110	183	206	96	129	162	136	154	176	143
1986	11	15	240	371	312	241	314	223	333	182	295	345	275	188	225	235	329	267	275	341	274	190	321	312	209	381	354	449	339	342	301	221	229	347	391	297	230	391	324	224	293	261	387	305	286	191
1986	12	15	55	89	35	0	40	22	28	30	12	21	7	42	80	40	16	41	65	23	10	40	18	20	81	25	25	34	29	20	20	21	44	50	8	38	15	6	54	23	101	13	52	15	20	13
1987	1	15	34	65	149	82	92	82	68	41	60	70	113	56	41	36	77	89	36	73	11	39	9	125	69	104	87	89	223	146	117	104	42	65	149	68	124	77	220	47	16	116	140	59	69	13
1987	2	15	128	160	69	96	54	123	102	211	94	98	121	66	316	213	69	138	130	110	91	132	133	95	105	45	46	48	68	22	36	141	108	61	57	195	30	104	29	80	88	125	54	46	109	102
1987	3	15	165	117	359	148	403	119	91	173	68	119	142	78	269	136	122	175	63	119	54	159	79	263	113	171	262	224	237	281	153	107	100	155	186	38	215	224	222	161	91	246	303	100	81	52
1987	4	15	60	194	193	57	190	33	91	94	50	104	84	77	252	100	133	81	42	66	62	45	80	264	52	202	166	160	173	163	224	58	103	230	232	98	328	383	335	193	160	228	181	52	58	38
1987	5	15	44	109	70	34	110	24	47	33	42	100	9	37	67	25	92	15	29	29	41	27	80	149	121	112	95	84	137	86	157	37	19	102	97	55	103	79	134	154	162	193	59	13	29	24
1987	6	15	0	31	54	15	43	20	24	10	1	23	0	12	3	0	41	4	1	0	22	1	15	64	4	6	38	28	38	32	40	1	0	10	26	44	60	40	96	20	55	24	28	0	5	12
1987	7	15	169	159	155	117	180	138	216	107	181	125	212	146	22	132	150	160	119	101	127	123	165	197	125	80	86	148	181	105	162	118	109	73	99	147	163	251	280	124	169	144	132	130	176	185
1987	8	15	74	250	91	147	86	85	158	97	163	134	95	109	46	38	229	90	125	40	36	39	101	192	82	113	91	68	152	66	205	38	72	102	136	162	51	137	285	283	215	322	78	77	121	66
1987	9	15	79	107	196	75	161	59	96	74	61	74	90	53	116	75	113	67	44	70	45	48	62	198	58	79	83	96	104	75	91	41	66	50	66	63	175	106	153	61	78	59	123	54	71	80
1987	10	15	115	78	51	135	20	137	115	113	59	81	102	122	104	112	71	77	73	118	112	73	160	53	103	39	33	58	75	40	82	80	83	37	51	154	40	67	99	69	103	81	39	104	75	156
1987	11	15	76	113	98	51	82	71	31	115	118	66	103	174	178	119	120	81	58	243	47	48	58	102	77	97	138	194	111	97	96	53	94	132	211	53	48	93	151	93	69	110	159	126	82	44
1987	12	15	120	218	75	160	118	101	210	105	159	240	157	147	148	94	131	199	210	155	119	67	94	126	118	92	97	120	126	142	155	24	118	47	236	347	37	59	69	42	107	88	57	185	200	139
1988	1	15	258	396	382	102	384	126	251	86	191	369	104	162	31	110	312	105	196	150	111	120	176	309	208	296	192	443	344	398	314	157	133	338	309	184	267	296	305	161	193	214	432	173	185	186
1988	2	15	84	118	78	64	39	84	57	72	73	37	130	165	47	81	32	115	83	249	20	86	44	89	79	48	27	42	66	13	60	39	83	63	47	105	35	88	29	38	52	64	38	88	48	50
1988	3	15	222	11	52	150	81	203	107	490	221	106	247	106	38	425	35	208	162	242	244	317	217	131	192	123	0	118	154	105	80	394	442	93	170	60	47	46	75	13	0	11	101	229	139	268
1988	4	15	59	109	36	61	48	67	88	32	78	116	30	26	150	12	75	29	36	113	24	27	64	45	60	53	50	34	38	63	114	21	11	17	53	67	0	24	49	96	73	101	35	81	79	41
1988	5	15	2	17	10	24	13	10	14	0	0	21	16	18	88	2	3	5	7	1	5	21	2	5	46	1	5	5	10	3	3	21	4	23	30	10	51	36	27	19	10	34	5	2	3	11
1988	6	15	32	62	68	26	57	36	29	19	-1	35	29	23	137	7	50	20	24	22	25	6	38	86	27	28	57	54	52	26	66	7	7	26	41	73	63	98	117	85	62	66	28	18	21	14
1988	7	15	111	203	34	137	39	94	139	40	152	119	75	166	256	27	136	69	81	102	66	58	83	30	142	43	78	48	73	23	115	30	25	13	98	118	7	34	67	151	196	115	25	96	187	72
1988	8	15	49	143	65	39	59	50	72	40	64	83	27	18	28	41	126	20	67	75	25	92	12	60	21	90	101	86	71	131	105	84	36	115	136	103	71	55	79	81	146	75	70	53	88	42
1988	9	15	69	129	162	60	252	60	97	42	100	99	51	72	63	27	88	68	76	109	35	34	45	231	79	170	168	125	173	214	137	30	39	135	146	88	115	155	282	122	123	111	173	77	98	26
1988	10	15	54	35	61	56	79	64	92	157	58	31	110	46	186	162	45	78	45	53	72	116	40	53	64	94	88	76	134	60	60	96	169	56	56	17	32	73	93	64	32	47	107	77	51	80
1988	11	15	134	104	101	96	141	49	43	155	68	57	52	78	179	68	98	63	61	48	100	77	61	114	198	67	90	82	59	82	96	82	106	53	75	132	140	120	110	103	88	83	149	63	54	56
1988	12	15	50	52	79	51	38	46	71	48	0	38	61	5	132	25	43	102	62	126	62	96	60	54	44	60	39	88	50	51	10	54	39	52	41	34	55	44	9	12	64	1	115	122	79	83
1989	1	15	18	161	54	26	100	29	19	38	44	118	66	47	56	44	56	7	23	16	46	14	33	108	56	10	38	69	75	36	67	19	42	49	96	51	62	107	226	84	72	138	46	43	19	45
1989	2	15	42	36	12	26	33	31	100	94	27	14	95	46	138	60	52	106	24	17	94	42	64	10	104	14	0	41	21	1	14	63	53	21	24	8	35	53	13	11	0	28	15	50	23	99
1989	3	15	88	32	137	93	175	74	61	148	72	22	99	72	177	193	37	98	75	66	95	104	32	77	87	78	141	113	74	99	60	116	156	92	88	35	169	137	66	35	35	48	121	90	58	90
1989	4	15	69	54	145	137	167	69	123	76	121	90	88	50	189	109	69	90	105	94	80	153	110	112	146	184	119	130	206	149	92	88	86	216	104	26	174	178	126	110	45	83	178	93	105	95
1989	5	15	48	22	17	42	12	49	43	13	38	37	22	62	119	8	26	13	34	27	52	22	29	25	43	43	34	0	28	30	27	20	10	38	38	0	16	10	13	20	13	23	12	24	41	61
1989	6	15	39	4	21	26	20	32	23	26	30	11	17	10	310	28	6	24	29	24	7	24	14	32	38	13	15	43	26	13	13	17	23	9	8	21	23	55	37	23	16	28	39	21	31	37
1989	7	15	65	82	25	54	30	58	46	90	24	48	27	97	208	89	51	27	52	19	39	61	21	25	87	51	36	18	77	73	41	60	70	66	43	61	72	37	52	46	63	26	12	34	22	65
1989	8	15	154	123	126	117	156	130	132	181	154	110	93	94	50	223	122	96	109	93	94	160	82	126	169	81	113	129	93	137	99	141	178	97	122	83	126	156	158	57	157	82	109	98	103	96
1989	9	15	54	58	21	56	43	49	43	43	26	60	53	68	63	33	54	100	32	32	65	34	49	53	83	15	19	35	65	5	69	43	35	4	75	32	59	62	92	61	63	57	54	34	30	48
1989	10	15	36	26	97	18	175	18	21	40	53	26	18	32	42	69	42	43	18	86	15	25	9	108	50	144	155	89	93	115	51	38	45	140	85	11	114	77	67	48	23	60	76	60	34	18
1989	11	15	126	174	110	0	121	91	215	104	201	202	120	-1	53	117	170	166	139	224	61	70	159	164	119	202	159	140	125	164	107	74	128	171	120	273	53	86	138	149	171	134	111	167	139	96
1989	12	15	89	42	198	80	76	117	119	165	78	93	155	-1	113	146	96	120	104	105	70	115	94	89	99	186	0	152	125	145	96	91	182	112	93	63	27	139	55	24	55	29	126	53	113	103
1990	1	15	138	112	163	78	173	78	108	142	75	24	140	49	87	225	83	57	54	61	61	127	64	103	62	98	68	120	37	52	70	147	143	43	19	71	117	105	34	19	64	17	167	67	114	106
1990	2	15	184	411	240	170	124	245	272	160	269	316	137	278	97	337	461	252	255	361	116	142	264	337	194	301	195	144	226	250	321	120	299	287	281	349	87	162	312	426	296	330	195	402	231	192
1990	3	15	70	387	210	133	264	131	245	121	214	312	143	181	29	128	286	141	187	256	117	62	142	286	74	345	344	292	306	238	230	87	128	331	286	138	197	194	316	228	186	147	217	258	268	94
1990	4	15	210	279	280	217	359	186	253	186	180	202	218	86	113	235	236	172	157	210	188	172	179	217	181	244	470	337	193	298	141	252	197	232	186	166	353	266	186	109	130	131	280	191	179	186
1990	5	15	58	41	72	51	56	37	79	29	76	75	48	81	271	25	51	54	34	29	49	72	23	78	62	58	50	58	107	59	91	58	34	18	85	89	30	77	94	72	40	51	62	43	52	57
1990	6	15	126	3	23	57	23	49	11	3	11	3	24	16	149	14	8	16	40	80	32	52	37	10	69	14	0	24	4	18	3	31	23	14	4	0	40	23	24	55	5	2	34	43	20	36
1990	7	15	21	33	40	25	68	24	35	33	11	26	11	25	80	25	24	21	18	23	22	21	27	16	21	6	31	34	30	24	24	28	29	1	18	19	33	35	73	23	0	32	57	9	22	26
1990	8	15	21	37	21	18	36	11	36	14	21	34	9	29	107	17	26	8	5	19	8	24	4	22	19	26	37	37	66	44	77	11	20	23	74	23	36	26	35	40	28	43	26	15	19	5
1990	9	15	99	131	86	0	75	91	103	91	48	102	23	154	48	80	92	32	47	51	18	69	52	114	112	63	67	85	97	68	105	67	64	191	86	101	100	100	99	122	115	128	76	51	61	43
1990	10	15	116	130	135	146	106	199	117	125	236	132	229	124	87	88	101	152	198	305	132	132	124	202	140	214	124	143	163	192	126	189	84	195	146	60	130	0	149	104	62	120	282	274	278	155
1990	11	15	164	197	175	206	166	158	197	109	114	201	143	226	136	147	143	189	165	140	118	234	195	252	131	143	220	275	140	199	133	251	164	167	115	153	229	0	262	156	74	202	249	164	179	120
1990	12	15	66	155	308	89	210	61	174	61	227	311	158	31	142	105	100	124	118	227	83	150	59	179	32	248	199	382	93	144	154	122	93	193	264	104	171	0	239	139	157	78	273	197	186	77
1991	1	15	101	45	40	106	108	169	69	115	152	43	108	51	31	135	11	115	91	141	107	63	64	108	74	199	114	126	92	123	65	80	126	145	88	58	46	0	55	0	27	24	106	138	219	95
1991	2	15	61	18	58	0	86	98	15	62	58	26	36	12	47	24	49	23	115	14	51	52	47	56	27	11	40	47	36	49	30	49	38	2	17	2	16	0	60	28	11	0	83	26	49	45
1991	3	15	56	46	80	35	105	31	31	28	53	-1	39	7	38	36	27	67	35	42	49	19	35	28	19	122	86	74	25	67	99	112	30	102	34	90	48	0	101	111	72	59	86	32	35	54
1991	4	15	82	141	521	100	606	124	107	110	61	137	322	41	150	104	225	104	86	171	138	103	124	419	45	185	434	648	397	294	368	93	66	311	333	111	455	0	488	282	84	224	487	124	66	161
1991	5	15	96	137	107	125	63	99	326	137	192	191	107	153	88	68	110	130	243	180	125	88	143	98	121	93	61	70	70	59	88	79	106	89	60	162	94	0	71	137	173	135	70	172	288	143
1991	6	15	86	171	168	104	214	127	149	81	109	169	187	78	137	125	200	175	126	214	107	125	157	124	92	188	171	118	79	138	159	106	114	161	153	151	188	0	119	152	161	133	153	200	106	85
1991	7	15	168	241	130	197	234	178	216	118	176	215	198	196	256	108	187	94	143	48	108	160	133	115	176	121	169	105	163	130	239	188	138	95	265	235	112	0	139	91	173	123	104	75	154	119
1991	8	15	98	18	36	42	30	117	30	103	32	16	92	57	28	80	23	47	48	42	91	107	61	18	125	55	31	38	18	35	42	108	81	9	56	26	47	0	20	26	11	26	43	24	37	98
1991	9	15	124	71	41	144	72	142	104	53	57	147	160	35	63	96	53	88	72	60	145	87	39	69	127	69	58	61	72	68	124	55	126	97	114	100	0	0	83	79	120	65	40	51	58	132
1991	10	15	222	233	182	125	163	216	189	175	129	213	219	105	186	149	213	158	136	82	137	116	161	197	186	99	160	162	216	120	231	132	151	88	184	189	164	64	197	255	223	260	187	133	162	163
1991	11	15	82	139	60	73	101	79	131	106	53	210	83	64	179	125	161	63	63	67	117	79	190	95	88	99	125	113	89	100	181	114	159	140	132	85	46	80	94	186	75	192	64	77	66	155
1991	12	15	64	0	292	80	164	75	130	290	269	235	226	21	132	180	112	247	139	180	112	50	90	131	50	221	184	254	206	195	129	71	171	167	163	87	115	122	156	88	153	103	231	230	184	54
1992	1	15	89	75	64	86	70	32	79	80	41	68	102	62	56	84	49	186	38	104	32	49	50	88	77	100	126	74	55	94	128	41	57	127	94	90	0	0	110	82	50	70	114	79	27	25
1992	2	15	105	219	238	165	217	95	106	43	85	147	85	269	138	25	117	122	80	81	70	67	84	268	141	94	120	136	235	119	168	92	37	109	127	233	250	0	198	219	267	194	232	81	151	93
1992	3	15	76	78	165	82	173	53	72	34	131	106	33	48	177	90	92	112	52	97	22	54	53	186	59	180	120	171	157	124	105	52	62	222	121	170	14	0	115	76	19	52	240	66	74	39
1992	4	15	147	292	395	237	412	202	202	140	199	122	184	172	189	99	177	162	149	152	105	143	145	360	173	288	346	444	344	277	267	138	103	285	273	183	37	0	456	310	254	409	336	118	194	207
1992	5	15	124	57	287	93	155	125	159	87	81	155	70	80	119	140	78	67	176	75	373	83	108	198	99	110	144	114	197	133	186	92	147	132	286	162	71	0	206	58	51	41	213	119	105	162
1992	6	15	140	252	248	210	97	109	194	119	103	331	71	148	310	118	251	65	149	93	98	160	157	197	135	54	153	194	255	208	266	147	134	55	263	0	18	0	272	142	331	183	209	85	135	80
1992	7	15	98	296	103	120	81	84	90	59	57	128	99	102	208	53	113	57	58	51	49	53	66	108	114	35	46	65	150	35	222	53	54	44	59	121	20	0	167	92	133	108	62	53	53	93
1992	8	15	22	54	16	60	12	83	68	106	83	50	97	36	50	111	63	77	63	52	111	82	99	39	53	28	17	26	16	31	40	89	133	15	16	37	30	58	89	44	79	61	38	54	93	91
1992	9	15	40	123	99	64	80	75	82	42	57	134	66	75	63	37	91	37	62	58	37	65	59	103	38	83	69	63	110	71	130	65	37	69	48	103	0	73	136	194	75	130	83	46	91	100
1992	10	15	87	67	89	88	102	94	96	64	104	92	93	54	42	82	66	81	74	109	86	139	79	58	124	62	63	73	69	66	64	101	71	52	61	102	15	122	120	54	74	47	66	85	90	104
1992	11	15	48	37	59	58	63	75	46	43	94	45	154	29	53	59	91	90	95	111	125	61	98	73	83	59	86	101	65	72	86	72	50	49	82	31	0	46	45	39	33	75	68	105	85	119
1992	12	15	126	117	117	44	65	32	134	48	50	101	55	60	113	95	92	73	150	123	32	10	41	179	32	155	115	33	79	195	167	16	56	121	129	129	0	32	146	50	116	55	280	152	124	29
1993	1	15	101	119	253	267	296	117	125	130	216	224	180	73	87	136	106	188	107	162	150	90	129	237	119	135	232	152	224	259	99	100	148	134	227	110	154	95	184	138	135	193	198	277	208	120
1993	2	15	109	97	74	224	22	111	89	203	34	71	159	70	97	221	112	78	112	88	219	276	158	103	185	40	18	36	69	76	109	250	261	110	82	306	53	0	40	121	148	43	32	77	92	198
1993	3	15	12	57	65	139	145	28	22	62	50	23	86	13	29	49	28	193	96	47	69	26	36	53	32	128	73	88	44	78	28	64	63	107	129	72	159	100	29	8	73	16	168	69	71	41
1993	4	15	147	78	120	217	135	107	101	131	243	101	253	214	113	193	119	205	118	274	303	345	189	111	240	158	167	146	133	100	150	328	132	159	107	105	185	102	54	43	76	48	155	279	121	197
1993	5	15	38	186	367	243	261	90	279	46	135	199	116	160	271	96	280	105	160	153	103	75	71	417	99	334	258	215	480	328	382	111	136	249	349	191	429	207	417	208	197	267	217	135	200	109
1993	6	15	82	103	73	108	89	71	69	38	-1	82	81	76	149	120	106	77	48	58	51	64	76	147	49	32	56	56	120	78	107	62	108	27	92	84	73	96	180	98	195	83	59	66	44	88
1993	7	15	104	117	51	268	43	75	102	2	32	89	50	96	80	35	72	30	61	33	74	57	56	67	165	39	35	23	68	60	59	62	38	56	66	118	10	60	156	122	123	160	27	37	58	74
1993	8	15	116	178	10	257	6	118	113	62	31	115	125	183	107	66	94	98	92	34	83	44	119	23	124	23	8	14	20	37	45	40	67	14	48	117	0	8	60	187	157	69	13	55	36	102
1993	9	15	40	35	42	192	5	47	45	16	15	48	15	47	48	35	44	9	23	13	25	52	70	39	56	8	-1	12	16	5	41	60	43	2	40	27	0	34	50	73	60	34	5	13	26	94
1993	10	15	210	218	284	386	298	280	91	115	167	110	198	101	87	239	139	219	146	249	162	216	163	244	205	302	265	181	258	337	135	222	275	334	113	63	229	190	272	113	124	122	271	209	144	202
1993	11	15	68	197	228	174	282	206	126	272	114	156	206	316	136	301	172	179	116	148	254	201	6	158	99	166	97	183	145	111	207	181	401	151	158	131	265	225	217	193	130	173	240	169	164	155
1993	12	15	121	164	134	230	73	173	149	159	110	214	188	130	142	178	135	158	149	139	147	133	90	185	119	141	108	69	216	110	192	140	247	157	233	160	129	27	250	117	173	125	110	193	154	184
1994	1	15	77	83	14	109	22	41	106	84	134	96	68	69	69	58	98	76	170	96	84	45	125	59	57	42	24	54	48	34	40	37	46	35	70	174	30	0	71	71	71	64	35	72	195	140
1994	2	15	32	153	205	65	92	58	68	20	66	63	57	37	133	32	155	66	169	75	32	44	74	215	44	109	147	97	201	89	175	32	52	72	98	100	133	241	257	93	98	214	187	60	90	47
1994	3	15	86	250	101	123	164	80	263	56	98	157	129	113	198	126	192	151	237	96	217	98	127	89	111	93	160	135	120	115	186	110	89	92	95	140	70	45	86	75	96	109	89	140	212	133
1994	4	15	51	49	72	23	42	45	32	46	34	13	83	62	71	88	48	95	37	77	79	141	38	93	87	53	53	60	121	44	55	114	79	48	38	28	65	0	145	58	70	42	87	95	52	77
1994	5	15	150	54	72	82	134	190	113	110	129	133	123	58	84	132	63	93	97	80	138	153	194	81	154	56	74	81	68	31	95	150	131	65	54	109	160	38	99	66	59	88	130	60	111	134
1994	6	15	46	123	130	31	73	41	51	25	20	81	20	47	139	45	188	18	40	30	19	51	15	86	54	82	28	101	103	81	229	68	36	57	173	69	85	0	94	156	134	198	72	31	47	50
1994	7	15	166	225	61	167	48	126	199	99	133	231	92	232	241	149	223	94	119	75	87	145	98	116	216	111	56	36	124	99	155	98	46	99	215	211	71	75	257	180	226	199	49	178	199	88
1994	8	15	78	61	63	93	45	49	151	25	140	81	27	144	61	27	83	28	62	24	29	33	124	70	106	91	90	76	73	120	126	65	52	84	39	92	115	105	69	39	131	58	66	33	115	40
1994	9	15	157	54	73	138	81	112	71	75	34	45	140	137	103	21	51	30	63	24	131	75	141	99	94	70	160	81	74	51	55	83	46	101	106	192	67	108	86	39	202	46	75	18	83	172
1994	10	15	181	132	182	178	150	212	128	82	128	216	173	136	180	125	220	99	143	201	184	160	242	208	131	152	112	246	205	172	169	127	89	208	197	115	198	180	177	244	151	194	147	154	124	163
1994	11	15	56	16	47	57	72	79	24	25	61	44	30	38	31	41	38	25	54	60	105	166	96	87	62	102	66	76	64	94	67	143	86	86	38	74	84	66	96	32	38	78	71	27	70	117
1994	12	15	27	104	143	72	163	29	127	146	99	133	53	25	94	124	99	74	153	105	131	77	89	48	49	118	129	123	140	55	62	88	104	85	50	73	116	104	59	44	134	76	98	111	128	107
1995	1	15	93	49	51	73	87	44	57	47	54	23	124	48	24	53	94	97	120	126	105	58	32	105	130	63	95	114	46	53	64	45	64	44	47	37	125	111	80	67	188	73	150	125	99	38
1995	2	15	89	166	189	230	166	17	113	130	22	96	123	187	111	46	166	63	94	39	114	93	52	265	150	134	347	210	208	232	94	132	105	183	230	125	165	249	240	128	68	124	147	64	159	173
1995	3	15	222	121	134	144	195	175	101	102	135	97	228	146	106	157	93	203	177	154	265	146	133	124	222	130	196	183	127	208	149	76	125	160	117	91	169	174	168	101	128	87	224	162	130	247
1995	4	15	56	139	63	126	82	131	83	174	66	141	100	83	105	172	66	84	102	135	95	125	33	55	57	122	75	86	76	135	100	163	188	71	79	54	65	62	102	67	154	66	61	126	201	80
1995	5	15	10	50	59	31	54	48	83	60	103	65	26	64	80	35	67	39	53	83	35	70	85	86	26	32	74	61	63	26	37	76	33	63	27	68	92	75	107	110	84	104	88	116	65	39
1995	6	15	85	169	75	109	63	88	100	122	40	105	70	84	144	50	155	72	73	29	85	89	64	89	97	17	63	23	104	62	102	88	133	35	106	144	30	55	134	109	92	123	48	47	136	65
1995	7	15	152	222	112	134	140	38	225	66	76	222	40	275	301	40	259	21	134	51	124	52	71	246	152	63	60	122	200	101	337	46	38	72	175	299	136	154	433	368	302	431	43	73	127	104
1995	8	15	37	14	3	29	0	3	10	10	0	7	17	35	6	4	12	0	20	3	4	24	12	6	37	0	3	1	7	0	12	18	16	10	0	48	0	16	46	53	58	44	1	4	11	12
1995	9	15	59	66	97	43	61	47	64	40	81	65	35	63	47	26	78	37	60	64	36	47	29	97	64	52	40	37	55	59	90	34	31	32	84	68	0	139	118	75	83	86	30	36	59	44
1995	10	15	81	101	179	83	124	103	117	124	126	104	143	83	132	99	97	128	152	140	92	63	115	122	71	188	208	206	210	202	107	64	101	179	122	104	0	132	132	52	108	65	175	146	112	101
1995	11	15	117	85	54	116	61	111	63	144	81	116	184	117	93	149	100	128	131	109	108	163	141	88	118	87	185	89	83	69	89	147	142	51	101	97	0	15	20	147	61	118	109	135	96	120
1995	12	15	32	76	11	108	2	11	32	12	65	14	17	10	45	32	45	172	6	12	0	48	33	31	38	74	26	10	62	10	40	18	16	88	119	27	0	53	53	53	37	62	27	49	54	11
1996	1	15	41	171	359	33	309	91	71	89	178	55	121	144	158	49	174	143	157	99	68	72	68	281	62	159	139	294	242	190	174	61	86	196	112	88	145	230	336	112	149	170	265	261	161	111
1996	2	15	34	118	91	74	126	34	48	109	39	78	100	70	84	131	115	68	36	122	124	58	83	119	44	111	78	89	101	96	67	59	150	172	76	61	84	84	176	109	129	125	91	56	41	80
1996	3	15	99	67	98	142	71	118	105	65	93	71	130	200	65	65	55	69	72	89	118	70	55	60	210	88	67	117	334	91	91	55	78	102	80	105	179	170	164	49	58	38	153	84	60	93
1996	4	15	113	176	301	144	318	112	272	172	237	245	202	237	144	116	260	165	290	273	160	151	182	247	125	195	171	257	208	275	276	195	151	221	333	218	362	309	242	191	163	255	264	283	329	169
1996	5	15	5	5	11	2	12	5	8	26	11	2	34	29	2	15	11	29	32	22	14	24	5	8	31	18	2	21	5	20	14	20	15	12	4	15	11	19	2	7	7	7	17	25	8	11
1996	6	15	42	51	20	29	23	37	27	44	24	34	37	51	41	48	67	23	42	29	44	65	35	53	34	2	14	8	56	0	50	57	75	1	42	38	17	47	66	58	47	65	5	36	23	43
1996	7	15	26	9	23	28	0	9	38	19	9	40	10	29	18	32	14	15	26	17	34	50	15	3	46	9	0	3	6	19	15	50	42	9	31	27	5	9	11	13	29	17	1	14	8	17
1996	8	15	47	57	36	48	26	18	83	32	34	62	93	63	35	72	54	19	28	7	30	31	25	80	43	18	49	18	69	23	50	29	32	19	42	110	17	20	172	114	104	114	25	14	24	24
1996	9	15	139	193	80	178	34	181	260	105	78	232	213	103	193	155	165	149	231	63	135	111	177	78	114	52	47	53	87	82	137	111	179	40	94	172	41	75	60	133	124	99	56	210	179	173
1996	10	15	40	75	121	130	86	73	45	65	35	37	85	65	84	61	78	46	50	44	56	80	69	120	80	92	85	126	110	60	105	77	64	105	70	49	79	111	117	98	89	94	81	38	39	60
1996	11	15	58	102	109	58	108	75	86	112	107	90	115	58	113	116	93	93	108	125	78	100	102	104	58	230	202	132	150	139	106	123	111	156	169	93	79	68	29	51	22	54	154	140	132	102
1996	12	15	41	56	93	62	109	50	86	141	111	55	199	148	45	74	43	185	117	183	90	90	53	93	76	58	90	52	94	59	69	53	74	49	123	56	104	109	93	45	54	43	63	128	242	72
1997	1	15	43	77	78	23	74	26	29	188	158	61	143	65	42	136	82	126	34	112	68	53	90	61	98	133	248	65	93	121	88	65	147	148	71	32	93	122	103	39	48	31	86	46	64	78
1997	2	15	271	102	245	98	277	70	137	64	98	108	78	82	197	77	229	77	141	125	42	65	74	294	98	115	135	244	247	177	293	73	54	108	187	110	247	424	387	222	194	299	398	66	111	150
1997	3	15	79	47	43	92	27	206	30	48	68	68	90	85	61	96	38	22	20	41	20	51	61	18	50	12	51	87	22	31	38	75	51	15	89	82	41	43	23	58	89	38	50	31	34	52
1997	4	15	61	51	97	55	87	49	68	77	64	81	79	89	91	74	66	54	88	58	56	41	70	145	37	78	55	104	77	69	107	45	62	79	87	99	108	151	96	65	35	59	113	43	66	73
1997	5	15	82	69	123	43	99	86	65	92	153	136	145	27	119	61	117	54	179	112	72	86	103	178	71	96	63	128	163	135	233	95	80	80	162	64	125	80	240	121	108	154	118	106	108	77
1997	6	15	140	104	65	165	60	99	85	65	85	100	83	190	126	69	109	57	147	85	71	72	168	131	151	47	111	52	148	88	167	93	85	64	101	110	67	78	218	132	182	139	34	69	112	91
1997	7	15	57	34	124	65	15	27	44	69	24	33	18	47	52	35	47	15	27	7	8	40	14	139	49	24	64	113	55	54	70	55	46	11	40	20	75	118	143	66	25	80	50	9	34	40
1997	8	15	142	151	46	91	47	160	132	171	62	172	76	189	111	137	142	95	67	93	73	165	123	112	146	49	108	73	99	78	94	89	86	23	90	181	32	55	90	161	115	148	75	70	72	101
1997	9	15	6	108	47	17	50	34	37	32	88	103	31	42	93	11	141	12	46	57	25	33	45	19	29	18	43	42	29	23	21	47	47	58	39	38	61	51	59	146	129	78	44	26	65	15
1997	10	15	41	174	216	129	247	127	128	123	142	147	123	112	193	83	169	162	160	118	124	54	63	204	64	94	174	196	177	120	241	86	115	98	138	142	241	328	316	175	327	176	203	166	184	127
1997	11	15	88	120	186	66	199	109	155	120	148	137	200	125	140	119	172	155	164	101	112	85	77	146	95	161	113	217	149	155	137	91	72	197	156	162	144	214	194	228	152	172	185	181	131	69
1997	12	15	227	343	437	117	236	390	364	321	241	223	446	225	346	393	342	313	222	335	338	257	289	517	169	503	605	280	670	506	326	320	227	444	342	423	286	320	446	220	219	271	246	296	290	332
1998	1	15	121	158	450	130	542	100	182	94	254	224	190	96	198	75	194	143	166	245	106	169	135	366	107	609	483	752	393	433	248	145	88	561	363	164	438	426	203	120	92	152	622	317	195	86
1998	2	15	34	84	206	24	180	31	110	90	97	104	107	77	197	60	205	83	83	101	98	34	142	137	49	65	169	137	139	108	227	43	73	127	164	53	158	253	246	175	52	197	133	159	93	35
1998	3	15	90	55	299	82	199	39	138	140	118	145	71	91	67	95	133	88	155	156	67	134	25	211	87	259	519	241	227	305	135	145	138	438	193	121	225	226	182	82	92	142	273	141	94	97
1998	4	15	332	209	301	282	316	130	244	72	148	350	61	174	432	60	385	146	233	125	134	116	76	242	227	202	268	225	232	296	432	83	59	192	345	280	315	420	252	145	103	244	286	146	230	91
1998	5	15	68	165	129	60	120	44	114	60	106	140	114	132	216	62	175	69	118	116	55	65	45	137	78	98	170	123	235	127	305	50	73	119	201	131	40	45	172	163	151	171	103	69	122	59
1998	6	15	87	92	219	90	211	82	211	26	164	155	17	118	194	26	203	21	155	83	43	24	105	225	94	148	253	352	197	247	161	37	27	181	217	186	203	221	235	88	174	122	224	65	140	63
1998	7	15	159	165	129	91	99	186	197	112	167	97	88	171	124	60	116	132	227	112	157	79	150	80	109	48	78	128	120	80	125	82	57	37	89	223	75	179	148	183	157	156	115	164	142	180
1998	8	15	22	174	46	76	55	50	76	9	61	116	15	96	164	9	144	17	81	21	17	13	45	120	31	37	65	90	132	39	167	19	12	36	96	107	33	71	223	249	235	212	54	31	57	30
1998	9	15	150	60	195	63	189	50	53	40	121	93	60	58	90	43	72	44	107	62	50	91	115	149	55	98	143	223	163	139	141	100	63	128	150	60	166	249	121	88	59	69	156	75	97	62
1998	10	15	53	33	34	80	46	51	47	49	13	9	44	29	6	31	19	51	54	61	52	32	55	73	41	55	70	29	42	25	21	27	30	50	48	56	34	79	38	27	54	24	33	28	23	46
1998	11	15	147	36	114	147	100	170	81	114	93	78	101	118	44	109	35	134	153	80	141	99	138	74	154	67	77	97	67	62	81	97	111	138	55	74	68	107	109	41	71	63	81	149	107	123
1998	12	15	125	104	91	142	84	138	172	98	151	138	138	194	112	166	93	203	211	145	123	205	132	143	158	131	119	107	71	91	102	244	150	95	131	134	77	55	92	136	90	182	113	131	165	182
1999	1	15	117	103	17	87	97	145	171	91	109	85	172	42	86	131	62	108	61	155	156	194	100	66	190	32	45	44	91	38	96	222	93	52	63	47	24	0	74	153	118	69	46	138	83	238
1999	2	15	153	84	168	173	127	223	154	155	169	98	112	88	78	180	120	188	195	109	148	98	177	84	164	146	144	119	115	126	122	128	179	127	91	140	169	181	101	100	88	125	182	226	184	189
1999	3	15	120	153	56	168	109	211	92	215	95	59	175	89	135	358	167	143	88	170	229	137	160	110	116	69	116	58	125	150	197	147	283	106	137	174	26	33	49	60	185	116	45	100	123	249
1999	4	15	80	114	151	74	223	35	91	39	49	92	54	122	109	13	172	31	49	53	24	67	72	167	117	91	144	180	211	128	223	63	16	101	183	83	127	149	160	189	153	174	164	57	51	74
1999	5	15	42	22	60	51	66	41	47	55	30	31	30	28	30	32	33	24	38	46	35	53	57	77	57	17	33	42	81	11	103	51	59	16	38	44	85	75	70	57	48	55	35	50	34	36
1999	6	15	140	71	71	164	40	204	216	46	204	216	82	209	106	25	162	110	214	152	134	88	147	118	165	226	96	86	174	237	263	64	46	253	263	263	60	89	144	130	163	177	73	164	179	175
1999	7	15	116	26	98	110	58	155	73	88	157	43	98	94	36	104	40	99	154	134	145	101	182	86	116	109	78	78	84	58	80	102	73	56	76	62	131	151	85	56	36	98	63	161	152	158
1999	8	15	109	0	18	132	16	130	74	109	33	62	51	62	41	83	69	35	43	17	0	110	41	31	79	14	25	18	32	19	69	112	98	11	42	75	21	66	38	77	46	66	16	42	46	92
1999	9	15	77	64	41	49	54	56	58	58	13	34	30	37	114	52	115	20	28	21	0	91	59	95	111	31	46	106	98	46	152	86	73	20	66	82	78	45	116	115	101	169	54	9	24	37
1999	10	15	26	71	83	36	95	28	49	8	45	64	0	26	68	9	65	18	15	57	17	72	25	151	75	31	98	102	123	72	148	43	14	61	93	40	139	112	159	78	62	128	95	15	19	38
1999	11	15	65	18	4	47	9	55	2	13	57	14	15	13	1	24	16	15	19	16	49	35	63	23	42	3	0	0	1	0	24	50	24	17	23	32	21	44	73	23	12	25	9	10	36	39
1999	12	15	27	41	38	107	66	89	78	29	44	27	30	38	67	112	34	56	62	29	74	87	88	46	87	60	24	40	50	22	62	78	58	64	47	22	107	71	32	59	39	49	67	48	46	74
2000	1	15	72	27	130	60	154	33	20	28	66	46	37	50	37	45	36	35	19	28	17	33	10	253	33	96	105	412	178	149	147	40	35	112	88	88	50	99	74	58	96	147	159	17	54	4
2000	2	15	49	56	100	51	74	105	111	49	110	140	78	87	28	43	38	132	80	203	34	23	61	93	61	54	109	71	122	84	70	62	51	94	84	84	110	88	126	85	52	81	90	171	73	107
2000	3	15	46	63	173	34	297	83	43	42	62	45	56	61	53	82	69	74	63	66	69	95	77	161	114	139	144	67	196	98	105	101	51	167	99	99	212	229	197	115	86	69	289	55	75	82
2000	4	15	167	265	115	206	171	169	232	75	317	311	172	218	208	190	195	177	392	322	150	225	184	88	272	118	119	296	158	164	176	170	155	107	293	293	107	127	91	105	167	82	187	315	249	176
2000	5	15	182	321	253	294	194	308	272	251	295	273	286	232	352	323	328	228	203	226	297	236	223	276	357	234	175	222	251	218	263	376	355	306	318	318	241	208	345	313	269	343	149	218	203	292
2000	6	15	81	191	111	120	90	79	155	56	147	146	66	159	173	126	170	70	242	58	92	127	112	168	122	105	184	51	186	173	255	119	102	124	137	137	57	56	229	213	141	198	57	100	125	86
2000	7	15	123	187	83	129	50	130	106	77	98	127	115	50	148	73	147	101	175	86	105	143	107	76	201	72	86	7	124	51	157	88	111	64	118	118	66	72	165	154	118	180	82	101	119	143
2000	8	15	130	104	99	88	49	80	60	27	77	108	44	86	62	52	93	80	65	61	56	129	72	70	133	30	43	237	50	32	57	133	44	41	62	62	74	43	96	95	133	102	34	76	57	51
2000	9	15	179	156	181	245	175	221	230	110	122	191	131	160	143	123	193	104	214	125	154	120	194	125	154	137	86	184	114	124	95	135	147	116	236	236	104	119	191	133	137	164	91	156	151	180
2000	10	15	43	121	162	57	130	77	59	107	134	142	130	25	105	121	117	129	99	90	128	124	110	154	61	109	206	202	167	138	164	100	139	114	66	66	116	222	136	108	77	99	204	157	102	92
2000	11	15	36	36	143	24	224	76	31	116	49	20	88	5	25	105	34	80	61	72	113	88	53	114	64	95	182	181	84	83	53	78	117	129	55	55	164	147	117	45	28	64	171	55	31	54
2000	12	15	81	138	93	127	117	123	133	43	133	110	73	44	133	117	169	58	95	128	65	139	110	50	86	90	127	88	100	70	143	103	73	118	81	81	81	70	94	105	68	134	102	103	152	87
2001	1	15	126	101	143	146	410	161	102	93	31	154	268	57	48	160	89	253	196	72	205	132	330	184	138	178	247	412	103	146	127	139	179	206	152	152	190	297	155	157	90	169	299	182	114	174
2001	2	15	90	32	89	233	8	214	111	52	83	79	166	174	104	81	59	116	191	67	163	153	90	84	133	115	76	71	102	36	69	173	93	144	95	95	105	80	59	114	68	136	142	129	88	205
2001	3	15	169	388	100	140	150	187	184	99	300	216	175	175	291	311	320	178	215	198	128	243	119	154	210	222	120	67	377	219	256	195	282	249	185	185	146	157	230	176	170	198	148	236	142	131
2001	4	15	25	145	417	43	331	28	68	15	124	99	72	79	139	44	190	67	128	141	41	65	42	439	45	189	215	296	404	177	286	50	24	177	53	53	325	279	299	117	122	170	240	105	99	26
2001	5	15	158	107	220	96	160	108	137	68	111	167	67	86	151	59	178	81	219	126	111	65	93	255	94	60	228	222	274	64	139	75	79	76	154	154	68	92	85	123	145	196	132	88	115	115
2001	6	15	113	118	93	140	62	170	143	84	155	140	114	57	125	89	72	111	255	106	162	162	89	75	168	125	63	51	75	78	72	145	88	107	141	141	141	130	290	151	124	189	73	130	183	157
2001	7	15	136	184	34	107	13	52	86	10	41	99	46	119	133	68	233	28	107	35	27	104	33	108	141	40	22	7	118	35	125	87	44	23	80	80	41	65	123	165	186	183	14	49	50	52
2001	8	15	89	46	185	146	172	120	78	129	93	85	161	29	74	131	68	156	163	102	132	134	114	129	92	111	168	237	133	171	103	108	149	114	58	58	88	71	38	41	65	42	192	98	97	146
2001	9	15	109	78	230	115	168	94	127	33	192	215	74	151	345	42	339	104	149	110	47	54	110	354	56	173	303	184	283	278	336	49	41	238	145	145	142	148	412	219	158	316	158	120	163	50
2001	10	15	192.5	185	127	229	205	219	241	252	307	191	384	152	244	198	213	226	429	230	231	179	220	117	235	204	201	202	112	267	177	258	290	262	246	246	116	83	145	162	150	275	208	329	300	192
2001	11	15	79	146	171	255	206	194	225	117	156	172	58	76	60	154	240	129	197	162	133	179	97	179	144	198	208	181	253	163	164	117	136	152	130	130	123	133	174	196	101	241	178	157	109	174
2001	12	15	53	36	71	47	86	72	47	114	75	18	69	7	39	24	60	77	207	65	77	37	109	87	39	57	81	88	78	70	80	45	118	80	67	67	21	11	81	148	69	173	60	96	109	55
2002	1	15	138	92	115	67	148	44	96	72	197	227	142	91	129	100	83	145	284	196	142	109	81	83	149	115	127	185	259	128	174	125	90	123	314	314	13	92	165	150	143	186	171	174	191	116
2002	2	15	151	178	115	155	164	202	138	31	57	69	132	225	36	66	93	89	252	57	90	119	77	126	188	104	117	107	78	56	137	87	78	81	120	120	116	13	33	109	97	104	84	92	61	44
2002	3	15	440	172	364	722	298	465	274	143	281	361	289	405	329	235	295	370	563	320	536	450	461	292	467	355	253	291	258	185	217	536	192	287	381	381	238	275	306	248	325	325	224	376	301	464
2002	4	15	152	315	383	240	377	263	326	51	373	413	217	178	372	89	318	211	345	326	233	72	238	395	108	308	497	476	393	397	441	74	72	340	310	310	281	259	300	321	366	320	377	365	328	190
2002	5	15	172	105	129	128	129	136	117	131	111	158	114	87	188	176	143	100	231	87	115	139	171	175	105	84	70	109	98	62	92	188	202	87	141	141	93	93	130	128	106	137	70	154	210	133
2002	6	15	132	140	72	131	39	80	46	26	57	101	11	126	200	23	150	22	38	16	43	33	49	134	90	20	16	25	78	17	163	30	19	45	80	80	74	146	181	126	110	179	25	30	61	75
2002	7	15	106	207	194	134	164	114	116	92	120	168	124	32	196	111	209	91	98	83	74	88	97	205	89	122	123	145	227	90	220	75	99	136	154	154	177	197	170	128	148	152	138	84	114	77
2002	8	15	140	92	75	187	60	141	159	17	82	164	37	168	136	40	187	38	146	52	70	76	95	147	130	57	31	14	169	34	228	70	44	45	188	188	-1	161	234	187	165	236	21	47	117	88
2002	9	15	59	96	283	92	287	89	99	57	176	114	75	48	113	86	113	105	142	152	83	72	41	248	39	184	182	253	332	134	215	70	65	133	51	51	149	214	210	147	75	224	202	125	248	106
2002	10	15	62	56	212	140	200	97	149	81	139	188	115	59	168	59	172	218	152	118	78	103	106	332	85	306	300	197	489	367	292	91	50	440	118	118	204	294	229	170	137	272	159	226	166	92
2002	11	15	99.5	163	435	220	331	134	108	149	226	154	103	57	215	178	221	121	159	252	121	124	72	272	98	319	257	272	254	232	245	128	113	250	89	89	188	315	193	92	81	147	296	253	217	93
2002	12	15	252.5	150	288	156	299	241	210	182	238	234	139	74	240	216	261	171	165	171	252	88	150	276	163	300	281	293	331	369	264	146	194	369	259	259	261	228	312	259	181	352	305	179	212	378
2003	1	15	64.5	86	118	15	148	56	11	35	41	44	22	19	47	60	53	24	11	52	66	80	58	57	55	57	110	71	94	76	88	34	47	75	60	60	112	108	107	34	86	74	72	36	16	44
2003	2	15	201	283	218	190	306	211	278	163	200	362	306	182	331	296	220	257	255	109	225	118	250	267	167	322	256	203	132	264	292	133	207	180	315	315	143	305	222	262	333	305	161	170	222	112
2003	3	15	43	36	195	58	313	56	60	102	121	93	234	50	73	98	91	114	54	148	147	21	90	138	57	166	184	303	15	120	134	20	87	336	58	58	250	236	242	124	60	211	265	137	103	45
2003	4	15	81	101	171	56	215	38	98	63	228	166	62	37	138	45	188	140	125	234	46	69	58	291	47	308	323	231	196	300	184	38	40	310	68	68	161	179	186	147	74	216	221	208	143	35
2003	5	15	192	157	181	194	202	156	271	84	328	287	129	245	231	59	152	124	260	230	134	91	232	200	164	175	181	127	170	224	118	116	75	157	326	326	159	142	168	106	211	122	117	204	289	122
2003	6	15	112.5	84	94	173	122	226	141	29	65	87	124	150	127	64	92	53	109	35	169	124	75	118	159	85	82	77	83	63	110	140	29	48	154	154	192	180	162	144	172	196	72	82	102	166
2003	7	15	69	28	38	44	52	47	31	43	32	28	34	37	16	59	22	50	39	28	66	72	42	43	55	13	24	21	25	48	29	71	39	15	29	29	22	60	62	28	37	79	35	30	24	62
2003	8	15	119	130	140	107	114	82	112	108	143	147	139	110	144	37	130	166	149	185	157	61	109	131	82	87	119	112	136	79	128	73	67	83	115	115	124	74	71	116	113	159	86	164	130	84
2003	9	15	149	165	72	242	95	221	222	164	103	160	149	113	110	172	127	148	160	68	147	181	216	90	157	72	71	88	88	40	83	172	175	55	217	217	60	72	58	111	224	116	65	121	122	196
2003	10	15	76.5	57	146	78	162	84	102	40	39	72	78	35	47	51	61	72	88	48	52	65	95	94	62	87	172	208	170	82	98	59	57	95	51	51	245	338	113	41	91	106	154	79	48	90
2003	11	15	135	40	157	196	156	201	188	167	238	197	201	168	194	173	131	146	166	146	-1	170	172	165	157	265	171	149	236	104	149	179	149	244	152	152	85	122	175	84	243	178	172	174	185	205
2003	12	15	140	75	174	120	230	82	84	62	70	56	46	70	91	98	119	77	96	96	60	135	61	227	124	96	146	164	120	113	159	95	109	99	50	50	217	210	214	101	49	81	123	119	121	68
2004	1	15	51	138	48	56	54	76	49	171	108	136	91	109	45	226	91	92	66	52	66	68	18	19	210	37	36	50	34	50	53	73	86	4	102	102	37	41	16	105	156	157	20	35	111	56
2004	2	15	61	26	61	44	77	40	15	57	22	8	24	79	87	27	60	13	38	17	43	87	82	85	72	91	64	45	90	70	49	93	107	74	48	48	112	45	158	112	52	133	40	21	16	42
2004	3	15	35	14	53	27	45	11	35	25	41	8	52	65	13	29	13	33	27	82	28	15	63	68	28	74	39	39	32	37	13	57	183	68	28	28	56	37	29	8	49	4	45	30	20	52
2004	4	15	200	133	125	210	194	205	189	218	233	222	197	111	190	262	166	244	211	349	211	245	199	178	206	254	150	187	224	131	143	212	276	131	182	182	150	91	193	104	205	151	240	226	238	162
2004	5	15	133	151	29	136	46	74	110	57	64	89	37	178	104	61	144	32	75	36	45	38	47	73	142	26	30	29	40	42	141	33	55	25	181	181	31	52	150	172	149	280	26	36	56	75
2004	6	15	125	85	82	90	112	115	128	97	88	106	38	116	121	62	102	50	89	36	69	77	82	101	108	76	52	66	84	53	87	67	14	44	54	54	66	54	64	100	69	130	133	55	71	96
2004	7	15	34.5	65	31	37	58	41	57	42	31	39	34	44	40	43	32	28	35	35	74	42	20	62	40	19	41	63	67	34	44	51	42	20	97	97	56	26	69	56	88	52	48	58	20	25
2004	8	15	105	44	18	36	13	67	47	53	23	62	14	40	56	62	39	21	24	15	44	75	46	16	51	14	7	17	9	23	20	58	62	11	61	61	23	29	77	63	63	55	13	24	36	71
2004	9	15	96	213	109	63	110	118	131	20	43	86	64	23	120	49	143	62	61	52	106	53	78	154	105	29	66	116	169	33	77	46	26	31	147	147	83	75	109	63	102	123	107	50	62	112
2004	10	15	186	60	192	130	113	201	124	143	68	119	212	110	82	83	104	176	162	113	196	115	162	116	125	109	98	110	89	70	130	156	124	128	93	93	169	190	93	134	82	173	133	122	83	152
2004	11	15	146	-1	192	108	194	109	132	77	98	113	97	46	135	75	109	83	139	122	84	91	128	167	59	154	157	163	196	109	184	110	85	161	67	67	119	138	122	71	54	113	187	110	101	96
2004	12	15	68	-1	85	76	102	34	48	93	36	23	58	47	57	69	38	137	11	39	8	43	25	111	104	108	114	163	56	126	39	62	31	122	60	60	106	89	64	56	48	78	142	58	21	38
2005	1	15	96	6	81	36	68	89	74	183	175	15	153	27	32	174	14	150	149	228	248	245	152	90	70	147	77	115	55	96	33	199	202	131	5	5	75	54	107	67	13	32	153	238	131	125
2005	2	15	60	62	27	143	67	70	40	10	118	60	34	22	42	29	29	53	84	62	55	47	56	6	32	49	26	104	11	72	5	117	31	96	41	41	5	24	48	37	51	54	90	57	118	92
2005	3	15	29	17	82	33	90	24	95	99	93	110	76	59	67	100	57	129	67	136	86	84	76	145	21	245	95	114	164	175	64	70	94	244	94	94	73	63	58	49	63	62	112	128	99	31
2005	4	15	198	241	120	249	138	292	346	149	254	454	185	247	249	149	268	197	388	192	323	180	263	102	345	173	85	93	168	94	156	184	122	125	289	289	127	141	217	205	278	189	113	201	308	218
2005	5	15	179	308	169	233	180	172	337	37	425	362	169	265	299	39	286	71	159	221	148	91	133	192	212	130	280	272	251	397	229	93	63	315	281	281	189	152	146	145	224	148	201	192	302	145
2005	6	15	259	150	175	298	187	203	278	80	135	252	199	216	194	110	113	151	250	138	169	134	197	109	313	226	276	319	177	334	111	157	92	296	309	309	194	168	42	46	91	0	286	139	172	180
2005	7	15	66	31	24	74	27	100	30	54	15	10	56	111	18	101	32	52	38	50	70	155	52	40	47	38	43	9	76	26	57	91	57	48	28	28	18	30	81	80	27	84	8	51	37	68
2005	8	15	45	52	91	32	155	21	63	124	37	93	53	30	29	126	51	90	30	67	35	64	39	168	45	88	94	112	85	89	100	46	120	62	61	61	84	103	105	56	57	59	82	63	37	30
2005	9	15	85	265	113	111	86	96	154	64	156	245	63	142	206	61	261	76	105	117	108	109	111	150	106	120	115	83	132	96	199	76	78	115	151	151	104	110	167	251	170	323	60	114	142	95
2005	10	15	30	105	109	61	113	51	151	40	91	101	35	99	127	44	138	53	88	107	75	61	50	186	68	86	75	101	124	105	136	64	51	93	131	131	102	140	123	144	120	140	100	74	105	39
2005	11	15	40	27	110	33	95	30	20	45	57	52	48	14	19	60	17	67	54	57	39	45	25	74	23	51	72	101	28	33	30	38	29	49	14	14	87	62	21	34	12	23	79	62	43	24
2005	12	15	28	51	145	50	228	63	115	16	46	51	26	22	86	36	75	41	27	96	42	60	38	43	34	44	128	297	77	85	107	24	44	47	64	64	159	145	36	47	55	86	262	57	43	59
2006	1	15	141	-1	55	131	26	293	226	209	79	254	304	82	149	255	149	273	180	116	187	162	238	68	99	127	130	24	35	74	113	233	201	99	114	114	48	35	151	175	168	96	29	169	195	323
2006	2	15	46	205	9	52	15	18	112	124	51	147	39	191	208	90	104	65	56	70	29	57	43	13	132	69	27	39	12	63	45	50	155	39	83	83	25	26	33	144	119	55	18	77	84	17
2006	3	15	97	43	68	158	74	130	47	154	73	71	150	116	65	176	120	156	59	63	165	142	122	104	379	48	13	57	63	30	158	163	118	56	62	62	92	95	40	161	132	197	43	104	76	139
2006	4	15	49	57	126	74	101	36	41	24	81	25	45	87	66	37	65	50	44	71	53	37	50	98	61	71	120	115	64	51	47	30	23	61	86	86	77	117	82	60	67	65	120	51	65	67
2006	5	15	27	61	82	25	81	17	39	12	18	26	13	24	34	12	46	4	16	29	12	13	7	97	22	31	73	37	72	48	59	19	15	40	20	20	31	-1	122	60	28	57	29	26	14	10
2006	6	15	198	96	139	204	146	186	215	264	196	162	249	172	156	226	134	279	203	171	272	193	254	145	165	129	255	222	193	203	124	245	266	167	187	187	130	-1	84	99	119	126	231	206	191	246
2006	7	15	71	34	53	52	54	60	70	28	33	27	56	124	29	70	30	33	46	30	66	74	48	53	71	7	17	30	20	25	24	83	39	14	60	60	-1	-1	103	60	45	82	70	51	51	78
2006	8	15	135	122	27	163	28	89	207	24	58	142	40	162	118	35	147	40	114	28	69	40	90	54	142	47	24	29	26	22	85	35	40	91	309	309	-1	-1	106	103	292	117	16	50	67	44
2006	9	15	43	79	52	44	76	48	15	31	48	25	38	23	54	23	72	26	55	37	62	36	57	97	36	24	37	63	63	46	78	41	25	30	53	53	80	120	107	84	72	72	105	39	50	35
2006	10	15	107	50	114	165	196	166	83	153	153	57	265	60	55	-1	67	130	119	185	120	93	159	103	108	231	189	149	76	152	87	129	171	200	97	97	141	128	53	71	98	65	154	162	144	168
2006	11	15	71	27	252	88	163	87	102	40	80	46	170	35	69	-1	123	141	117	118	84	90	101	171	100	82	96	185	140	77	78	84	50	84	57	57	122	94	105	85	50	120	140	172	113	139
2006	12	15	28	88	174	60	282	65	90	187	162	98	172	86	157	-1	111	132	100	222	121	144	75	137	100	227	155	273	175	226	178	112	199	222	110	110	190	251	157	114	82	122	309	223	118	116
2007	1	15	9	17	50	11	52	28	77	78	112	44	16	-1	49	56	54	56	36	102	48	42	82	133	4	87	103	96	82	83	68	36.4	65	59.3	36	32	75	122	194	51	58	74	80	65	63	27
2007	2	15	76	55	214	98	232	83	86	203	194	42	151	160	118	156	142	114	175	191	107	143	162	221	144	221	182	163	118	186	125	165.4	110.6	256.2	201	198.1	-1	149	103	93	208	117	250	155	203	134
2007	3	15	139	174	278	273	312	420	323	656	402	236	699	279	218	419	225	606	416	337	602	231	421	378	225	418	380	184	316	306	234	330.3	428	239.6	267	204.6	179	246	250	162	179	194	204	366	388	458
2007	4	15	165	106	116	146	136	138	151	174	126	162	86	45	149	237	146	82	128	129	191	162	100	140	152	242	123	178	71	176	195	193.7	146.4	110.1	117	182.2	213	79	66	97	111	186	185	104	145	153
2007	5	15	29	244	24	163	41	164	258	88	169	281	236	152	259	78	227	148	321	137	159	85	184	79	119	35	47	24	69	54	85	71	105	29.2	334	109.8	20	62	29	185	328	202	16	186	264	161
2007	6	15	54	115	68	103	42	40	86	35	57	95	15	103	139	46	181	14	60	38	40	47	38	102	87	31	87	45	84	120	135	39	40.6	110.1	113	306.7	53	87	122	190	196	163	27	30	50	38
2007	7	15	8	34	41	8	36	9	15	10	10	8	4	15	9	11	31	5	6	8	11	16	9	48	16	7	16	7	23	6	32	14.9	7.4	186.7	25	39.7	45	45	82	43	87	74	11	7	8	13
2007	8	15	53	161	109	103	124	98	70	87	78	124	93	110	173	95	151	63	70	31	99	83	78	175	112	36	89	106	177	81	196	67.5	84.4	47.6	144	101.6	-1	77	176	-1	179	-1	102	45	78	78
2007	9	15	186	42	117	152	113	125	54	119	110	66	133	38	46	131	40	132	94	93	123	132	89	102	127	98	73	100	80	62	69	168.3	99.1	87.7	91	159.1	-1	-1	-1	-1	-1	-1	92	97	85	134
2007	10	15	186	153	239	221	365	151	278	167	221	149	189	182	269	185	190	219	244	250	220	157	207	228	243	295	238	220	180	189	183	149.6	188.4	197.3	158	135.2	-1	-1	-1	-1	-1	-1	275	216	236	207
2007	11	15	47	54	30	50	61	22	42	17	37	27	19	22	67	31	68	15	6	35	38	66	-1	45	30	46	42	36	29	42	61	58.7	33.3	125.2	75	43.5	-1	64	-1	-1	86	-1	91	34	24	45
2007	12	15	10	98	69	76	83	33	51	64	49	98	38	65	166	25	104	97	23	64	67	20	35	73	60	47	38	32	23	21	66	15	28.9	127.1	132	181	44	40	111	112	172	70	64	64	81	43
2008	1	15	45	53	62	80	152	91	76	96	83	60	106	23	28	93	46	84	67	60	90	60	75	61	20	104	73	159	71	71	113	80.8	109.8	96	33	101.3	55	79	23	132	125	98	202	112	62	109
2008	2	15	158	112	83	226	62	211	159	87	77	118	121	36	118	114	215	63	98	222	56	120	117	121	133	90	53	84	85	99	99	116	40.4	96.8	28	177.4	13	130	132	111	89	120	56	70	95	80
2008	3	15	-1	56	75	104	63	69	109	49	42	76	59	27	22	102	16	40	70	67	58	81	39	25	60	60	48	43	97	83	53	65	87.3	27.8	89	29.6	13	36	99	137	26	123	61	71	25	44
2008	4	15	12	9	128	15	72	14	4	6	11	-1	16	-1	20	19	16	12	16	50	22	14	21	75	29	61	69	85	61	-1	27	18.1	10.5	100.4	3	19.1	15	102	79	11	6	33	92	15	20	17
2008	5	15	47	148	53	79	68	82	157	21	52	84	-1	66	132	65	184	23	53	10	-1	27	34	88	133	76	98	106	153	160	147	52.8	29.6	46.4	147	181.8	80	89	104	203	166	261	85	12	51	30
2008	6	15	88	56	107	105	80	64	50	29	23	64	28	25	59	46	66	18	27	17	71	116	48	117	86	50	59	74	70	57	102	62.1	43.5	69.7	88	43.3	94	125	124	86	56	133	76	21	33	51
2008	7	15	70	108	127	66	112	102	88	41	101	74	52	33	123	35	97	80	63	74	56	63	79	118	109	48	98	113	128	46	119	55.2	31	41.8	74	91.5	106	134	167	144	108	105	83	94	100	118
2008	8	15	86	86	84	95	87	90	78	18	99	92	30	123	160	20	204	22	76	86	72	67	66	137	92	37	70	62	99	48	109	65	20.9	35.9	116	75.1	90	77	136	198	120	193	81	43	81	75
2008	9	15	26	51	71	27	73	37	46	19	32	49	27	25	50	24	70	19	36	21	40	30	33	71	28	72	54	61	49	41	56	17.3	26.7	132.8	29	53.7	113	89	87	105	48	87	59	24	39	39
2008	10	15	17	18	205	23	234	19	34	49	68	27	41	8	29	67	50	54	45	77	32	28	24	179	48	98	187	275	111	133	75	34.9	47.2	121.7	90	49	196	224	85	55	34	70	305	62	54	19
2008	11	15	20	64	18	18	14	27	65	59	131	72	38	97	59	39	17	44	42	35	30	7	41	48	69	33	9	8	47	28	68	5.5	34.8	30.4	13	44	116	62	39	6	2	22	2	45	54	18
2008	12	15	-1	36	65	18	52	2	14	80	19	42	48	7	48	46	31	20	23	24	21	20	18	28	4	17	25	89	265	5	41	34.1	108.8	24.1	17	132.4	40	0	77	48	62	155	62	42	42	13
2009	1	15	48	79	55	120	107	98	95	27	191	44	99	135	52	24	72	136	122	100	57	80	103	51	165	84	71	118	48	52	119	56.1	28	81.4	22	143.8	45	0	61	259	135	251	109	174	110	65
2009	2	15	51	91	263	107	91	118	44	217	114	73	150	58	97	214	86	176	126	151	144	137	240	274	111	161	88	72	143	117	130	146.4	240.9	137.9	42	92.7	162	143	193	190	106	162	110	104	138	181
2009	3	15	223	82	44	218	40	121	142	186	182	129	128	190	107	125	94	146	90	196	155	114	113	69	365	76	56	18	93	86	52	131.5	149.8	74.9	2	109.4	74	63	75	73	52	65	39	181	170	163
2009	4	15	20	-1	18	30	30	16	10	20	17	-1	21	5	-1	26	1	36	24	30	21	14	26	9	11	62	21	33	13	16	-1	6.6	23.2	57.7	6	21.6	23	5	2	0	22	1	33	20	14	24
2009	5	15	74	59	146	82	140	87	78	49	71	61	77	41	75	42	77	50	44	77	96	92	83	122	155	41	105	150	43	37	72	60.1	62.3	71.7	78	261.1	77	128	124	72	27	84	-1	74	5	110
2009	6	15	63	104	14	116	24	100	62	11	56	75	64	43	73	34	105	25	69	21	62	119	61	24	84	74	42	35	37	68	106	99.5	55.2	90.3	112	148.9	24	25	28	92	117	-1	27	35	24	96
2009	7	15	130	-1	21	134	20	120	72	129	35	32	101	35	59	142	46	101	80	47	127	101	109	48	67	40	14	22	35	10	44	126.7	142.1	33.9	54	41.4	22	-1	65	32	19	59	13	50	50	133
2009	8	15	58	86	22	73	20	77	102	43	112	101	63	100	98	41	122	46	81	37	62	58	107	76	53	45	67	18	91	35	149	38.5	54.2	62.4	110	91.1	24	29	148	141	141	0	33	70	95	69
2009	9	15	156	74	196	83	174	89	64	57	44	64	91	76	55	77	124	93	69	93	63	103	80	228	82	136	198	198	193	102	139	80.7	98.9	100.7	141	39.7	-1	-1	-1	-1	-1	-1	173	76	92	86
2009	10	15	131	144	81	172	99	235	198	198	106	136	189	172	150	208	141	126	240	76	292	180	258	133	186	113	89	84	75	-1	176	150.7	262.5	47.6	110	56.2	129	125	109	90	115	151	96	93	161	293
2009	11	15	156	252	613	221	654	174	288	164	223	315	375	139	351	158	385	200	242	250	332	164	232	540	106	380	539	607	496	294	625	132.6	159.4	385.4	498	138.8	-1	-1	539	-1	-1	-1	514	281	238	182
2009	12	15	72	57	272	92	248	124	135	150	354	134	260	214	113	108	119	315	251	203	194	35	173	277	75	351	128	207	177	99	219	55.9	106.9	185.3	74	260.6	-1	-1	-1	-1	-1	-1	249	250	193	105
2010	1	15	134	67	358	134	418	109	103	133	103	57	101	32	13	104	30	127	77	212	276	102	62	242	76	123	152	350	56	94	106	114.8	91.9	95.1	50	148.4	-1	-1	-1	-1	-1	-1	351	142	164	78
2010	2	15	314	378	166	369	320	329	256	346	497	235	335	351	411	352	496	453	532	524	323	183	493	298	231	428	485	208	333	326	313	235.5	297.8	211.5	117	137.9	-1	-1	-1	-1	-1	-1	176	623	517	322
2010	3	15	116	60	47	83	84	89	119	95	56	37	64	35	50	55	32	112	47	150	25	42	58	54	72	109	75	148	25	110	57	37.9	53.5	183.9	11	180.7	76	34	56	-1	39	0	124	143	91	43
2010	4	15	65	-1	63	103	106	97	28	61	34	27	63	-1	25	78	39	61	35	54	79	104	43	91	69	23	53	25	26	20	50	122	80.1	42.8	16	152.5	-1	-1	-1	-1	-1	-1	105	63	32	129
2010	5	15	95	49	127	135	157	65	108	84	84	85	72	47	86	87	93	147	80	83	92	86	71	109	94	87	115	143	114	142	88	122.2	111.8	274	126	72.8	144	105	87	95	50	-1	144	85	74	103
2010	6	15	99	33	22	135	5	110	76	69	85	40	63	44	29	55	57	84	103	46	116	70	60	30	72	47	48	16	33	52	62	78.9	68.9	109.6	71	116.2	146	42	74	62	35	0	15	71	91	138
2010	7	15	184	205	169	154	149	173	163	102	127	186	117	161	168	125	289	66	143	109	145	173	89	277	193	92	107	95	135	90	241	159.8	116.8	54.9	30	167.3	-1	246	219	-1	118	301	83	111	133	147
2010	8	15	151	55	14	124	30	178	71	26	59	81	98	60	82	30	102	62	115	91	120	100	130	81	121	77	46	25	33	65	27	109.2	44.6	58	49	125.7	-1	-1	-1	-1	-1	-1	36	103	51	152
2010	9	15	99	126	144	99	139	146	128	146	33	81	80	150	125	99	160	88	64	87	137	162	63	121	117	56	74	51	83	37	116	114.7	102.8	58.7	66	82.3	155	119	171	105	156	182	90	107	75	170
2010	10	15	33	-1	24	26	27	24	17	27	27	-1	41	-1	-1	45	19	71	26	40	46	45	38	21	19	43	35	27	24	28	16	50.1	42.9	51.7	12	23.9	25	35	13	31	10	62	26	72	18	28
2010	11	15	58	47	33	62	27	58	36	24	35	41	28	102	89	36	111	30	48	31	118	22	52	22	66	46	44	47	45	40	117	21.2	25.4	26.7	27	168.1	29	18	36	47	104	74	40	33	33	53
2010	12	15	53	12	79	85	65	66	41	15	56	21	27	-1	73	26	55	53	53	85	51	22	39	77	37	88	59	42	74	81	27	31.2	23.8	121.6	105	49	28	28	35	20	15	82	69	35	67	41
2011	1	15	50	52	78	64	165	22	50	83	72	70	137	43	59	115	76	70	74	149	64	33	48	106	61	60	45	53	106	103	123	37.8	76.4	76.3	5	80	230	95	54	126	49	58	85	102	56	55
2011	2	15	59	36	124	70	131	90	153	33	107	133	93	84	28	23	35	141	139	144	105	74	113	66	112	140	91	156	72	93	107	48.3	81.3	91.8	110	84.8	127	241	117	43	74	105	200	246	155	97
2011	3	15	188	70	44	55	85	95	19	42	6	39	55	5	61	59	79	57	25	38	110	55	68	48	134	92	52	46	56	44	71	47.9	37.2	113.8	97	129.03	108	62	43	87	127	169	54	42	17	92
2011	4	15	106	146	95	96	103	94	71	96	123	95	117	47	75	83	117	168	118	116	155	74	56	83	77	123	97	83	77	115	76	81.5	81.4	216.3	0	146.4	48	71	60	116	127	133	97	145	133	93
2011	5	15	77	128	115	88	90	84	187	33	179	125	63	103	120	51	130	90	125	103	103	40	107	37	61	105	74	106	46	126	86	44.1	56.7	100	79	120.6	83	70	63	93	146	134	98	144	141	83
2011	6	15	170	70	59	161	72	153	152	82	99	119	79	95	135	123	141	48	121	64	77	171	129	140	141	44	79	91	82	53	96	143	92.3	38.91	61	144.4	48	47	102	135	120	205	79	78	107	129
2011	7	15	183	40	54	147	46	146	119	50	138	96	111	165	60	77	77	102	115	70	98	117	93	123	135	73	67	74	93	24	84	116.2	68.8	135.6	23	215.1	0	80	116	56	47	39	57	100	135	165
2011	8	15	123	147	38	118	57	109	120	15	139	145	69	126	70	21	181	50	144	156	88	68	66	69	128	65	58	72	72	70	97	121.5	13.8	89.4	101	170.6	80	58	61	196	152	200	64	130	140	117
2011	9	15	20	84	90	32	94	45	25	8	28	54	23	9	71	3	118	7	15	36	33	26	35	220	33	124	117	81	150	71	162	20.5	2.4	83.3	74	82.3	106	51	67	64	38	72	78	29	22	45
2011	10	15	57	95	121	62	162	62	95	150	101	79	85	158	96	90	170	100	135	174	73	47	80	104	70	185	180	197	103	138	93	74.2	60.7	63.4	89	105.11	139	171	187	79	140	148	234	150	118	73
2011	11	15	38	15	101	69	80	56	31	63	62	27	88	8	18	93	24	80	43	114	53	107	59	46	46	87	74	99	52	92	43	138.8	66	50	104	85.9	64	23	20	46	27	16	84	56	67	139
2011	12	15	82	40	131	123	172	91	52	61	24	67	39	49	42	63	52	35	60	52	83	77	51	70	51	49	54	169	41	56	35	63.6	60.2	108.2	16	133.21	222	164	32	66	50	79	141	26	21	70
2012	1	15	30	0	42	67	28	48	5	29	31	6	21	5	0	58	17	40	30	72	36	57	39	20	85	72	24	43	18	20	46	64	38	37.6	0	20.3	16	17	30	64	16	28	-1	83	37	51
2012	2	15	64	259	125	89	115	110	119	179	307	220	151	157	168	182	226	260	179	371	142	84	94	235	98	306	193	235	275	253	296	117.2	180	281.8	311	107.4	93	82	124	153	144	142	-1	282	180	145
2012	3	15	108	132	50	113	46	97	35	115	89	88	127	108	106	99	191	140	80	119	85	105	25	31	247	62	31	49	7	45	12	130.3	132.6	117.1	27	57.8	32	10	108	95	72	12	-1	139	49	113
2012	4	15	45	126	151	93	149	60	79	46	158	174	59	33	118	41	170	55	83	69	42	39	36	144	54	62	60	148	72	68	35	62.1	53	20.9	56	78.9	179	162	73	61	66	0	-1	60	133	41
2012	5	15	27	13	33	42	16	38	40	52	51	82	118	25	15	84	21	107	81	79	33	72	41	18	33	31	45	54	19	36	7	60.3	65.4	102.4	31	37.7	25	5	10	2	46	5	-1	78	75	54
2012	6	15	164	109	73	173	83	86	70	5	64	128	50	177	80	10	93	56	135	21	86	80	111	72	105	28	19	50	63	28	179	71.3	20.1	83.8	155	212	22	82	57	85	111	122	-1	107	68	73
2012	7	15	45	157	15	50	14	48	57	13	12	119	10	91	74	24	118	17	22	16	14	51	28	55	74	8	26	3	51	51	70	40.2	25.8	162.4	54	62.9	43	49	98	58	72	84	-1	24	13	26
2012	8	15	123	28	114	172	138	132	118	137	207	159	259	121	95	182	78	276	235	245	309	218	158	122	112	203	131	132	108	207	110	258.5	153.5	322.4	63	92.6	104	53	112	102	125	125	-1	268	243	202
2012	9	15	44	28	96	39	102	58	36	125	78	63	123	111	64	146	81	121	80	121	132	153	65	141	86	93	26	101	94	63	102	95.7	165.9	196.5	70	80.9	75	84	178	95	34	0	-1	157	82	98
2012	10	15	238	87	369	257	338	327	137	180	300	170	367	134	113	336	121	271	276	318	351	221	317	272	168	359	342	384	325	249	190	244.6	219.4	152.6	246	123.3	338	435	191	78	62	141	-1	389	235	313
2012	11	15	75	0	25	70	13	62	0	71	24	21	32	104	18	87	17	85	11	34	97	32	33	67	91	83	38	33	113	41	52	57.8	76.8	21.1	22	32.6	39	30	44	61	35	81	-1	46	22	30
2012	12	15	280	0	299	221	343	282	136	241	250	193	354	97	152	353	155	242	245	395	363	162	218	215	270	362	205	324	228	163	140	254.2	256.9	169.6	299	138.8	343	253	128	130	127	156	-1	272	185	292
2013	1	15	23	-1	70	65	94	77	71	45	54	58	63	19	71	43	102	53	38	44	68	48	67	104	56	17	34	138	76	24	48	57	48	45	41	65	96	90	99	89	77	181	-1	38	112	32
2013	2	15	100	-1	207	58	296	79	147	87	139	265	64	142	115	80	180	86	132	118	85	133	72	128	151	128	201	228	124	125	117	97	89	118	213	151	271	148	83	151	156	141	-1	100	126	91
2013	3	15	80	-1	120	88	149	148	79	47	147	77	216	34	47	73	62	99	143	111	112	57	86	61	76	123	85	233	71	87	74	73	63	65	69	57	140	71	53	30	48	35	-1	183	97	78
2013	4	15	83	-1	124	103	129	112	195	63	79	147	40	57	103	85	175	105	87	65	82	158	108	130	60	44	76	97	103	40	162	155	65	49	81	133	66	86	104	115	114	149	-1	116	69	157
2013	5	15	70	-1	126	100	116	105	226	66	211	127	130	172	99	67	94	83	201	197	158	84	93	225	124	171	149	144	150	56	171	118	88	123	200	128	100	83	120	156	144	92	-1	163	185	129
2013	6	15	30	-1	20	8	21	23	32	3	0	33	2	48	20	6	61	5	11	0	5	10	0	40	56	2	23	25	70	6	53	16	3	2	38	46	21	26	74	112	47	120	-1	9	13	15
2013	7	15	88	-1	76	86	94	69	105	25	77	141	59	70	76	28	75	37	117	46	199	47	108	75	93	48	66	58	33	64	66	65	40	35	46	110	105	166	61	74	-1	95	-1	84	107	116
2013	8	15	132	-1	32	130	23	143	88	14	60	98	31	116	122	30	106	30	32	15	55	24	93	59	82	9	30	26	61	27	86	31	43	18	36	89	21	39	69	123	137	127	-1	25	41	82
2013	9	15	196	-1	59	141	66	232	234	97	171	251	90	275	229	193	290	56	182	83	139	176	130	98	218	100	155	91	74	168	207	196	212	114	169	288	54	42	94	234	286	-1	-1	127	198	205
2013	10	15	0	-1	76	34	90	33	56	19	119	102	39	43	81	28	115	80	90	87	83	8	114	135	18	167	98	47	239	258	237	9	32	162	185	71	70	100	156	137	63	245	-1	79	83	48
2013	11	15	165	-1	376	129	332	165	199	67	253	161	207	57	130	127	138	214	193	157	161	139	113	254	198	188	376	490	311	212	194	196	99	214	279	139	242	297	221	154	98	178	-1	148	144	137
2013	12	15	10	-1	26	17	34	25	101	9	63	60	19	43	73	11	50	29	50	39	20	11	24	12	41	50	10	30	15	39	84	13	11	34	19	47	26	59	22	17	77	29	-1	84	65	18
2014	1	15	331	-1	178	432	220	393	328	135	237	323	250	311	201	176	197	287	250	227	272	283	216	174	283	158	283	173	168	261	183	423	196	119	199	207	138	128	171	170	153	266	-1	308	275	306
2014	2	15	220	-1	197	243	212	230	211	183	195	199	342	124	209	325	263	315	182	235	208	262	277	216	284	252	185	256	302	214	256	304	301	222	349	147	293	155	194	254	220	136	-1	232	263	170
2014	3	15	101	-1	187	77	170	101	92	135	112	107	127	49	82	137	129	161	175	101	151	109	127	243	121	77	113	184	93	164	170	89	142	131	115	139	138	201	244	205	94	197	-1	137	114	100
2014	4	15	22	-1	72	114	82	194	159	90	191	137	129	79	78	86	84	127	123	187	157	136	138	127	91	188	141	122	144	144	109	137	76	154	219	121	112	54	29	150	83	111	-1	139	150	117
2014	5	15	49	-1	113	78	138	118	78	90	87	51	74	78	25	126	50	89	68	129	104	68	71	40	46	62	44	109	27	53	93	52	94	117	70	40	144	125	54	37	58	87	-1	104	87	87
2014	6	15	77	-1	47	62	45	42	59	46	49	34	60	104	45	62	72	47	48	39	58	64	47	31	57	54	51	43	41	32	63	67	45	54	39	81	84	78	185	121	43	186	-1	41	42	61
2014	7	15	205	-1	163	205	106	165	168	145	207	174	88	160	184	161	293	156	215	107	169	111	152	191	129	202	144	120	215	242	240	114	157	160	163	135	112	151	301	168	224	270	-1	114	216	129
2014	8	15	36	-1	30	22	42	29	62	18	22	35	0	39	31	8	29	2	27	2	49	76	12	52	21	4	20	34	20	5	21	35	11	21	17	39	35	63	52	91	47	37	-1	3	19	23
2014	9	15	235	-1	205	323	204	292	238	234	150	111	213	181	69	173	166	182	212	154	293	190	276	232	170	112	133	172	152	203	173	188	206	78	204	194	193	218	174	131	154	190	-1	231	192	285
2014	10	15	57	-1	159	135	139	135	148	253	181	195	166	125	217	201	264	177	276	124	177	183	161	165	71	223	267	152	252	247	204	151	383	174	300	232	162	220	-1	231	237	305	-1	239	200	149
2014	11	15	248	-1	113	208	142	239	188	8	255	184	92	59	258	217	65	171	296	223	201	227	150	98	212	167	157	191	82	158	72	187	221	180	91	160	145	49	37	69	35	108	-1	257	188	224
2014	12	15	68	-1	317	116	341	56	237	0	131	116	20	128	90	100	118	192	125	135	81	99	32	202	137	190	238	230	335	230	156	66	99	228	202	218	401	215	171	157	-1	168	-1	128	95	43
2015	1	15	95	-1	267	125	224	115	214	0	199	187	145	186	159	138	127	283	232	251	148	128	171	197	197	197	212	281	291	168	327	105	150	253	109	144	271	285	184	158	149	179	-1	244	166	119
2015	2	15	11	-1	109	25	132	18	55	0	25	28	7	93	15	18	27	27	44	44	7	25	19	149	25	101	82	118	57	46	37	27	25	66	17	30	121	110	82	96	60	18	-1	29	41	9
2015	3	15	65	-1	90	25	76	23	19	0	14	0	48	4	33	52	30	62	25	23	64	64	23	62	75	53	68	43	104	48	36	72	26	21	67	30	60	67	40	71	25	39	-1	24	44	63
2015	4	15	23	-1	13	20	33	23	14	0	33	15	60	5	2	61	7	68	31	32	41	24	35	17	15	23	28	32	19	50	7	30	48	25	19	4	51	15	34	16	8	17	-1	33	32	41
2015	5	15	59	-1	133	62	145	35	120	0	84	62	9	29	75	29	48	38	68	87	33	19	32	127	73	109	136	155	111	139	114	21	16	111	144	71	136	124	168	91	66	127	-1	84	90	12
2015	6	15	30	-1	102	31	115	17	30	50	23	60	22	31	49	61	87	36	21	27	17	9	18	123	44	69	204	167	174	104	171	18	41	55	95	19	49	68	179	102	56	163	-1	35	24	17
2015	7	15	28	-1	56	34	59	23	21	6	0	34	19	50	83	43	80	21	14	15	33	35	16	45	27	16	85	27	66	14	88	31	39	10	64	43	-1	78	114	96	85	105	-1	20	1	21
2015	8	15	429	-1	150	420	188	297	357	246	382	264	203	306	262	195	214	164	490	214	293	225	270	223	363	336	250	328	189	275	231	270	242	288	275	313	7	169	163	120	172	150	-1	265	344	250
2015	9	15	56	-1	78	69	109	74	122	48	97	158	50	91	167	27	150	61	83	63	55	21	52	94	67	91	53	33	164	93	176	19	32	108	105	109	98	107	214	205	142	201	-1	67	135	39
2015	10	15	83	-1	337	82	357	99	162	102	82	149	131	204	197	73	280	105	75	87	135	61	112	346	75	148	278	289	394	162	325	63	84	147	253	139	169	556	243	280	218	411	-1	94	105	95
2015	11	15	42	-1	134	68	178	38	44	87	63	58	71	25	98	142	91	58	60	80	53	59	45	133	69	210	146	261	95	131	173	73	113	183	140	41	277	172	98	150	85	160	-1	36	53	46
2015	12	15	264	-1	462	151	416	194	208	57	206	174	135	98	109	59	126	182	276	173	117	110	165	481	125	353	580	467	297	339	210	131	84	436	204	128	416	422	229	147	114	137	-1	195	271	206
2016	1	15	40	-1	103	23	95	16	3	12	32	18	34	16	23	46	81	41	9	22	12	7	0	122	8	25	33	111	114	24	56	11	42	25	36	16	104	139	82	73	46	99	-1	29	37	12
2016	2	15	35	-1	113	63	135	111	85	155	199	19	166	24	69	143	92	168	140	253	101	83	33	96	44	274	129	113	54	173	71	84	145	229	87	177	131	101	122	120	81	74	-1	174	169	92
2016	3	15	209	-1	130	109	106	128	152	51	99	88	37	169	113	94	169	83	70	64	67	143	33	116	147	70	93	59	130	58	150	93	97	87	189	117	161	73	173	240	128	299	-1	77	111	76
2016	4	15	358	-1	471	383	638	324	520	424	417	449	363	111	453	252	445	272	455	438	379	208	342	470	497	509	878	714	620	647	500	252	341	641	524	390	346	248	364	301	365	356	-1	392	459	411
2016	5	15	70	-1	131	63	79	57	55	28	37	55	13	74	92	39	93	10	52	14	48	70	72	111	93	50	130	93	100	102	28	56	32	53	107	63	91	88	80	53	55	65	-1	15	47	66
2016	6	15	41	-1	106	34	152	25	58	19	66	57	10	35	49	27	52	38	33	63	17	14	5	79	19	81	114	168	102	132	54	24	22	85	166	36	-1	116	48	42	34	48	-1	40	37	19
2016	7	15	362	-1	88	285	64	224	139	161	108	75	81	177	110	155	111	98	87	108	190	201	237	89	237	57	67	80	103	84	88	195	157	71	114	113	49	86	140	58	77	94	-1	122	82	193
2016	8	15	112	-1	97	175	104	144	105	72	64	82	62	79	79	77	79	30	63	36	83	85	69	95	129	57	77	91	90	90	78	111	94	58	87	95	99	77	113	101	64	159	-1	24	81	102
2016	9	15	106	-1	6	140	8	99	97	76	73	87	84	77	62	65	67	66	81	50	84	56	49	21	93	41	37	23	30	56	58	67	75	43	54	121	14	19	51	92	162	143	-1	76	71	76
2016	10	15	106	-1	210	58	206	83	94	70	97	65	91	101	133	110	137	58	58	96	71	111	0	141	122	139	121	168	114	194	122	89	124	200	141	84	184	306	99	113	80	144	-1	56	66	59
2016	11	15	69	-1	116	68	179	89	140	75	83	82	87	69	79	102	87	124	109	100	63	79	10	104	79	121	124	180	149	165	113	96	104	79	115	87	134	114	69	99	75	119	-1	130	125	62
2016	12	15	140	-1	132	145	109	147	126	99	110	89	68	143	140	107	94	118	189	110	104	111	0	107	151	87	69	97	84	127	132	130	112	94	189	142	117	137	75	111	131	103	-1	150	141	109
2017	1	15	147	-1	118	203	129	126	121	122	145	195	90	53	113	67	93	222	76	146	81	128	0	164	136	103	128	127	163	127	227	149	122	102	146	40	116	188	186	151	51	94	-1	128	133	52
2017	2	15	120	-1	272	50	192	60	179	102	156	196	0	129	200	65	157	195	141	317	178	44	0	276	99	210	263	296	200	174	143	100	77	188	242	130	193	285	255	114	35	75	-1	325	288	121
2017	3	15	136	-1	147	68	121	49	143	75	98	126	54	75	82	83	85	177	60	90	107	64	0	138	87	128	157	180	182	102	171	51	135	142	134	59	108	157	226	95	53	156	-1	87	75	70
2017	4	15	166	-1	308	83	215	58	104	56	89	80	64	81	125	49	185	111	76	88	36	60	0	311	31	219	176	215	158	188	219	58	43	186	100	83	92	292	145	127	107	183	-1	64	111	40
2017	5	15	140	-1	165	155	162	178	174	104	207	108	48	99	120	76	159	96	191	182	117	170	0	195	136	244	396	259	271	238	289	209	118	207	270	102	227	203	244	206	136	346	-1	182	212	167
2017	6	15	19	-1	70	5	59	0	18	3	26	41	0	41	62	4	86	12	5	17	1	10	0	77	39	21	91	93	77	53	101	12	10	37	67	37	70	73	112	112	35	115	-1	8	35	8
2017	7	15	73	-1	66	92	38	154	52	102	35	34	0	86	64	101	53	89	64	42	92	147	0	76	120	46	18	56	34	84	51	124	95	44	17	59	61	29	35	38	136	66	-1	73	52	105
2017	8	15	248	-1	160	234	188	246	214	153	252	242	200	29	281	149	226	207	237	263	333	234	0	215	263	202	233	156	203	279	247	233	135	156	322	175	147	157	169	193	237	187	-1	221	255	205
2017	9	15	201	-1	200	182	172	190	288	184	191	268	1	197	260	172	183	196	148	195	178	146	0	246	169	147	128	127	219	183	207	156	168	206	210	216	187	180	215	138	130	166	-1	158	190	181
2017	10	15	113	-1	114	73	128	115	220	112	113	137	0	97	112	104	140	102	95	101	90	110	0	187	100	199	180	115	181	152	178	110	122	146	215	124	64	72	181	188	95	200	-1	95	114	108
2017	11	15	134	-1	56	62	54	74	49	32	63	11	54	14	15	53	22	59	59	65	56	29	0	57	65	69	61	60	46	60	37	34	61	85	45	53	33	69	20	17	26	22	-1	57	66	53
2017	12	15	86	-1	69	30	63	85	37	49	69	74	28	55	73	102	63	76	63	80	65	90	0	90	25	92	128	28	58	53	41	92	128	87	39	25	55	56	34	55	28	45	-1	82	57	59
2018	1	15	265	-1	133	123	88	173	170	39	57	71	21	77	153	57	180	60	48	195	126	86	0	80	98	36	39	25	110	120	99	86	153	105	37	103	85	90	96	120	201	100	-1	88	40	151
2018	2	15	14	-1	28	18	33	46	45	62	30	36	13	25	40	116	21	21	32	5	54	56	0	52	57	87	31	32	41	39	37	30	76	64	65	20	49	27	58	38	27	77	-1	26	20	88
2018	3	15	100	-1	158	68	116	54	140	212	57	92	0	45	82	194	88	31	42	42	72	165	-1	98	121	95	140	111	112	104	165	167	168	79	64	58	122	197	103	91	57	126	-1	69	89	97
2018	4	15	174	-1	100	103	135	89	139	153	230	221	132	126	98	148	141	127	152	188	157	106	0	139	112	100	144	222	90	55	157	91	134	115	62	91	91	106	121	120	121	113	-1	173	141	96
2018	5	15	67	-1	275	66	293	115	90	128	198	99	117	71	81	220	101	113	103	191	128	97	-1	347	80	329	244	302	176	307	143	87	138	339	208	66	168	385	119	44	39	90	-1	166	94	85
2018	6	15	123	-1	19	47	14	90	93	15	12	55	14	50	34	6	57	15	55	7	15	60	-1	42	68	79	28	18	54	18	73	33	11	17	29	57	69	101	69	-1	81	80	-1	29	64	54
2018	7	15	208	-1	73	147	90	148	215	89	127	253	125	109	244	139	273	80	142	112	134	173	-1	132	144	86	126	118	102	127	276	162	114	84	193	203	78	69	170	337	154	268	-1	102	146	163
2018	8	15	141	-1	89	92	61	147	146	91	168	168	85	127	174	74	162	73	121	110	81	143	-1	152	134	94	76	81	103	124	212	108	82	58	147	115	68	158	112	193	178	177	-1	141	138	115
2018	9	15	168	-1	186	108	79	163	136	117	188	125	81	41	163	89	210	114	82	100	72	132	-1	180	170	129	93	89	143	100	182	114	94	147	251	86	116	0	199	232	105	282	-1	152	112	141
2018	10	15	30	-1	47	22	40	33	122	43	96	78	55	28	39	30	80	68	66	33	66	10	-1	122	32	70	40	51	146	80	78	15	31	69	35	86	21	27	-1	195	88	194	-1	52	63	36
2018	11	15	103	-1	238	127	214	191	142	106	172	119	172	2	74	81	121	98	96	107	181	77	-1	155	107	142	131	116	117	140	98	85	79	200	99	85	156	220	112	51	29	-1	-1	106	105	114
2018	12	15	117	-1	142	287	150	302	191	205	211	148	39	79	131	258	104	281	256	274	348	245	-1	210	139	164	193	206	131	226	108	286	154	169	177	100	122	168	133	96	81	54	-1	317	221	217
2019	1	15	268	-1	670	345	791	232	309	172	421	213	208	178	173	88	199	277	431	541	260	131	-1	423	360	465	451	589	479	422	330	184	147	381	363	237	628	414	375	314	281	371	-1	497	383	222
2019	2	15	104	-1	60	85	89	103	114	130	79	43	212	87	80	80	74	131	121	86	152	41	-1	61	67	130	93	154	104	81	56	52	121	130	112	80	80	66	81	24	107	48	-1	103	108	84
2019	3	15	119	-1	35	70	63	65	19	70	71	52	131	20	63	115	16	138	55	54	115	97	-1	27	115	78	123	107	25	90	39	118	93	82	40	71	79	53	17	10	-1	11	-1	67	56	42
2019	4	15	25	-1	204	30	187	40	53	18	71	90	30	33	147	34	109	26	42	72	22	21	-1	224	21	108	162	193	228	117	161	20	21	81	157	18	138	127	244	148	76	99	-1	79	41	14
2019	5	15	144	-1	128	99	128	118	117	79	116	108	143	83	66	130	43	98	108	119	166	151	-1	213	192	119	187	165	169	110	124	279	95	103	99	126	138	111	160	69	47	64	-1	81	90	165
2019	6	15	270	-1	30	281	41	322	298	135	225	132	190	204	155	147	157	168	315	297	276	112	-1	36	236	121	53	39	79	98	103	128	135	138	91	215	13	95	37	37	195	43	-1	272	342	260
2019	7	15	52	-1	122	54	108	58	86	82	61	108	33	91	128	58	122	27	48	22	64	112	-1	156	72	54	96	77	154	77	135	104	62	65	145	111	90	101	189	137	128	148	-1	28	57	76
2019	8	15	75	-1	51	72	51	66	129	20	132	147	37	85	222	35	201	56	87	98	38	69	-1	80	72	134	103	45	126	117	126	71	41	146	153	147	22	-1	108	157	201	173	-1	70	104	47
2019	9	15	102	-1	13	86	15	149	124	45	119	88	76	9	90	39	113	74	137	116	113	106	-1	40	92	83	54	38	48	114	88	98	65	155	103	127	16	-1	125	165	-1	164	-1	100	129	118
2019	10	15	178	-1	264	311	234	253	285	151	201	266	166	0	282	201	322	190	215	201	305	179	-1	375	184	188	195	219	299	209	432	266	190	179	446	361	205	-1	-1	318	332	350	-1	161	265	264
2019	11	15	64	-1	223	72	242	36	41	79	37	30	49	0	68	77	66	49	53	107	80	41	-1	98	111	127	228	177	124	162	98	36	43	152	121	49	174	101	97	63	55	116	-1	77	28	68
2019	12	15	54	-1	96	75	98	97	91	101	110	81	101	82	76	103	69	95	120	203	75	51	-1	92	54	174	149	136	164	107	104	77	82	179	193	79	56	30	29	162	78	164	-1	174	72	62
2020	1	15	77	-1	86	56	82	104	101	91	98	65	56	69	44	77	62	106	101	124	90	29	-1	48	100	129	44	55	71	40	35	35	77	123	69	79	122	105	173	-1	134	60	-1	71	79	90
2020	2	15	104	-1	58	42	102	47	40	54	82	48	101	65	95	41	103	69	52	87	78	38	-1	44	33	108	76	93	65	118	57	27	70	97	83	28	106	46	29	43	56	67	-1	160	75	73
2020	3	15	31	-1	73	43	83	43	109	79	75	43	73	11	49	64	10	73	71	49	73	59	-1	75	15	80	85	77	50	106	64	60	63	119	47	47	61	29	25	64	22	58	-1	54	0	79
2020	4	15	78	-1	66	73	66	59	115	95	131	111	116	61	139	88	101	126	125	160	110	88	-1	22	158	157	84	77	47	51	118	91	122	75	125	69	41	0	48	120	50	122	-1	134	0	83
2020	5	15	32	-1	239	21	241	18	94	11	67	64	35	92	68	14	81	24	30	37	40	70	-1	153	64	107	159	210	91	169	110	73	9	123	115	90	159	57	149	114	68	152	-1	39	0	29
2020	6	15	271	-1	192	226	139	242	273	109	114	129	97	290	135	115	148	123	155	100	175	214	-1	162	332	135	150	70	272	187	144	258	106	61	186	186	102	43	220	184	111	257	-1	87	42	230
2020	7	15	33	-1	13	24	16	7	15	24	12	26	20	51	18	36	40	15	9	8	17	32	-1	43	47	7	19	35	34	17	51	28	30	19	32	21	15	8	69	72	65	92	-1	8	0	29
2020	8	15	104	-1	65	127	58	85	50	44	67	32	39	50	58	38	56	32	46	51	80	61	-1	80	72	38	82	61	111	49	79	86	38	40	49	55	24	54	42	64	56	69	-1	50	54	58
2020	9	15	96	-1	73	79	92	92	179	64	108	159	110	104	242	84	156	91	122	74	90	52	-1	81	76	90	89	70	114	73	112	62	64	80	120	186	102	15	115	83	173	158	-1	75	73	85
2020	10	15	38	-1	72	57	70	85	27	88	51	33	51	46	42	99	63	41	30	23	77	57	-1	91	25	53	44	90	88	48	68	83	92	35	80	48	97	-1	80	99	59	142	-1	23	28	48
2020	11	15	39	-1	109	19	105	18	29	29	73	50	19	21	28	37	19	33	48	73	51	36	-1	59	27	78	68	109	46	60	47	26	31	69	94	82	128	42	39	20	76	30	-1	78	17	14
2020	12	15	15	-1	111	42	164	26	32	28	71	29	0	29	79	43	70	35	47	64	59	59	-1	99	15	172	114	154	136	193	121	76	63	198	68	41	146	58	94	73	28	116	-1	56	37	74
2021	1	15	77	-1	126	314	135	168	163	224	153	159	-1	59	152	158	190	50	204	132	124	74	-1	345	70	112	119	189	169	143	356	109	175	102	197	207	156	77	193	129	212	221	-1	171	109	141
2021	2	15	283	-1	146	200	111	138	83	80	124	169	-1	172	178	157	204	62	68	30	64	107	-1	185	174	96	53	82	133	97	231	165	115	77	181	250	69	61	100	182	244	280	-1	83	115	54
2021	3	15	139	-1	129	144	158	179	36	201	105	87	-1	84	88	113	100	104	93	131	107	80	-1	116	126	85	86	111	114	85	134	100	109	91	115	89	181	35	127	90	59	230	-1	112	64	157
2021	4	15	84	-1	44	90	84	80	242	105	210	231	-1	97	233	76	137	128	154	201	140	112	-1	33	53	118	60	54	29	45	79	93	89	141	70	180	40	26	25	83	101	69	-1	219	42	112
2021	5	15	47	-1	132	51	174	70	80	129	80	82	-1	67	44	114	35	75	80	51	111	60	-1	118	59	159	91	142	79	102	52	149	115	127	51	70	178	40	74	28	43	36	-1	63	59	65
2021	6	15	177	-1	139	181	122	221	144	61	120	168	-1	188	133	68	113	83	137	103	150	103	-1	154	162	103	142	120	98	180	129	186	50	134	136	135	121	166	196	103	122	134	-1	111	185	152
2021	7	15	82	-1	21	101	5	44	105	49	112	72	-1	73	76	59	90	63	95	71	48	51	-1	21	92	58	20	19	34	65	63	42	64	20	58	105	40	19	52	82	69	88	-1	118	119	54
2021	8	15	55	-1	58	51	30	62	78	39	44	59	-1	57	38	50	56	24	36	45	63	48	-1	88	58	18	44	38	67	59	83	57	58	14	60	69	32	19	74	80	31	98	-1	45	39	48
2021	9	15	115	-1	162	124	120	130	243	163	135	207	-1	132	296	154	253	156	158	91	144	101	-1	170	103	79	118	94	195	101	183	109	153	92	212	236	176	203	137	200	263	202	-1	156	157	127
2021	10	15	59	-1	46	29	65	30	19	15	22	18	31	3	47	15	30	10	32	37	40	28	-1	68	46	72	69	53	105	82	56	18	23	69	69	41	66	80	113	46	49	26	-1	52	52	15
2021	11	15	145	-1	113	70	115	58	43	81	63	64	136	77	66	133	47	78	81	93	55	89	11	73	252	67	131	101	105	88	60	76	145	90	111	88	81	-1	127	24	20	61	-1	86	57	126
2021	12	15	0	-1	20	2	43	10	25	28	7	28	45	7	12	56	11	36	0	3	7	1	0	62	21	7	65	69	68	29	30	7	29	7	26	17	27	-1	43	99	17	92	-1	2	0	0
2022	1	15	226	-1	62	324	113	193	477	135	294	175	275	170	142	161	128	228	255	217	290	247	322	57	295	121	61	58	109	86	112	178	138	160	141	248	71	-1	106	100	125	128	-1	339	257	260
2022	2	15	85	-1	146	76	118	78	122	98	158	169	171	38	148	157	112	176	136	153	115	105	50	138	67	173	125	116	165	128	106	123	101	141	135	105	116	-1	54	99	56	91	-1	205	131	81
2022	3	15	45	-1	144	53	289	69	64	80	132	64	108	59	121	77	126	151	135	219	83	42	50	96	41	226	168	167	117	149	78	51	85	201	131	98	246	-1	-1	61	-1	72	-1	180	111	46
2022	4	15	107	-1	310	81	327	103	134	69	165	127	110	101	142	65	107	119	121	193	74	69	101	358	142	139	249	242	264	201	143	63	86	194	166	116	244	-1	208	107	117	186	-1	172	89	66
2022	5	15	69	-1	76	80	80	84	99	31	108	30	33	91	60	38	59	30	78	51	49	43	25	94	81	48	74	130	97	50	71	50	22	31	52	65	35	-1	104	33	29	75	-1	69	76	74
2022	6	15	10	-1	26	11	27	11	41	0	30	46	2	18	62	2	73	5	24	12	0	2	0	67	6	32	17	18	81	25	69	1	3	22	55	32	41	-1	68	120	44	130	-1	19	27	3
2022	7	15	180	-1	116	115	99	162	190	37	118	172	57	199	243	42	255	46	125	64	95	58	0	134	166	47	105	102	153	116	233	68	87	51	188	203	111	-1	187	282	291	269	-1	67	47	93
2022	8	15	23	-1	105	21	109	43	34	31	54	61	45	19	91	46	127	23	24	45	24	78	11	117	28	124	93	67	121	140	125	55	79	157	195	28	121	-1	151	122	39	164	-1	40	28	38
2022	9	15	22	-1	65	24	47	14	27	9	44	38	24	84	54	20	43	24	24	54	24	6	15	60	24	82	89	78	38	108	41	4	7	62	45	26	36	-1	56	74	26	96	-1	71	34	18
2022	10	15	83	-1	67	128	61	56	65	26	88	99	61	119	94	18	78	68	112	81	63	35	3	93	161	151	126	66	101	148	94	23	20	172	137	96	121	-1	124	75	-1	65	-1	86	128	47
2022	11	15	76	-1	58	97	61	78	79	82	107	71	66	71	29	43	30	44	39	55	76	51	16	32	52	33	15	11	25	36	22	36	80	30	41	41	-1	-1	-1	26	-1	70	-1	101	68	58
2022	12	15	19	-1	47	18	9	17	10	92	24	32	45	89	86	57	10	33	38	34	39	67	18	44	41	23	53	9	40	19	44	61	48	57	11	7	-1	-1	-1	-1	-1	-1	-1	40	16	15
2023	1	15	22	-1	14	11	24	6	6	54	27	31	20	56	26	54	23	59	32	35	18	3	6	76	5	68	63	21	63	93	23	9	56	37	138	8	-1	-1	-1	-1	-1	-1	-1	50	1	6
2023	2	15	36	-1	45	78	13	26	26	2	79	33	18	153	45	10	92	20	49	73	39	47	45	66	95	45	73	70	73	87	75	57	5	50	85	37	-1	-1	-1	-1	-1	-1	-1	59	73	48
2023	3	15	173	-1	244	208	248	70	70	60	136	213	85	209	133	33	149	138	201	156	135	71	238	149	136	191	103	125	145	105	107	99	42	226	123	189	-1	-1	-1	-1	-1	-1	-1	192	108	108
2023	4	15	29	-1	6	66	6	26	34	44	63	34	28	40	40	45	47	12	21	31	41	101	28	9	29	115	12	65	46	44	32	62	45	59	23	23	-1	-1	-1	-1	-1	-1	-1	36	39	41
2023	5	15	45	-1	133	39	99	39	67	131	103	90	128	67	110	99	103	159	68	139	87	60	65	155	38	41	67	62	135	53	129	66	83	40	66	65	-1	-1	-1	-1	-1	-1	-1	93	73	56
2023	6	15	18	-1	49	12	33	7	46	2	91	106	4	26	128	4	107	5	122	44	1	4	4	40	50	12	31	25	77	30	72	7	5	25	84	46	-1	-1	-1	-1	-1	-1	-1	44	52	6
2023	7	15	85	-1	50	69	58	70	125	26	136	176	86	170	182	55	183	95	94	108	75	51	102	96	73	101	108	59	177	143	244	53	72	85	215	161	-1	-1	-1	-1	-1	-1	-1	40	89	108
2023	8	15	148	-1	52	165	43	85	47	72	45	76	51	70	58	147	63	30	62	18	75	169	81	89	117	8	44	51	57	37	65	166	120	10	52	87	-1	-1	-1	-1	-1	-1	-1	33	98	91
2023	9	15	102	-1	261	120	256	80	203	24	154	370	84	167	438	28	452	53	185	84	47	39	79	335	78	128	305	325	294	236	354	52	43	186	373	212	-1	-1	-1	-1	-1	-1	-1	83	128	64
2023	10	15	91	-1	110	56	110	67	69	80	106	41	78	65	29	63	49	68	56	73	83	77	57	131	103	78	146	138	62	113	44	91	82	85	71	87	1	1	-1	-1	-1	-1	-1	96	67	58
2023	11	15	99	-1	145	73	142	82	136	63	161	215	50	128	194	82	231	56	100	108	118	80	81	269	68	340	250	170	332	334	234	80	80	321	272	159	-1	-1	-1	-1	-1	-1	-1	120	124	82
2023	12	15	176	-1	283	234	303	205	170	94	232	221	221	97	161	188	171	262	187	282	195	184	178	295	152	300	265	284	282	190	239	162	187	307	311	159	-1	-1	-1	-1	-1	-1	-1	356	243	245
2024	1	15	162	-1	63	102	100	102	92	58	77	40	45	96	42	40	33	56	85	97	64	34	47	155	58	144	58	98	98	105	117	31	51	163	124	41	-1	-1	-1	-1	-1	-1	-1	88	50	90
2024	2	15	68	-1	128	65	154	60	120	71	131	114	126	88	57	68	101	150	139	124	98	53	81	113	84	43	47	87	49	70	33	55	74	55	112	-1	-1	-1	-1	-1	-1	-1	-1	152	129	65
2024	3	15	301	-1	292	285	297	458	241	380	392	250	439	121	228	402	190	505	282	459	457	234	304	161	167	215	244	305	233	187	97	313	444	254	158	322	-1	-1	-1	-1	-1	-1	-1	376	268	572
2024	4	15	238	-1	467	219	470	174	150	150	244	157	191	68	205	138	220	162	216	284	207	221	227	417	135	204	339	310	258	229	319	172	161	152	274	129	-1	-1	-1	-1	-1	-1	-1	233	199	175
2024	5	15	150	-1	60	128	64	174	298	19	210	161	112	255	466	13	322	61	297	225	104	64	129	113	145	125	142	75	148	187	361	91	31	136	392	335	-1	-1	-1	-1	-1	-1	-1	248	318	156
2024	6	15	109	-1	32	90	32	87	37	8	29	73	45	108	127	12	140	15	48	22	62	29	80	56	79	17	61	25	48	54	31	43	9	27	92	76	-1	-1	-1	-1	-1	-1	-1	29	26	82
2024	7	15	8	-1	3	5	1	2	21	3	10	13	2	3	9	3	9	4	20	8	2	9	6	20	6	1	3	1	12	8	35	15	10	5	16	10	-1	-1	-1	-1	-1	-1	-1	14	13	2
2024	8	15	149	-1	169	117	131	139	125	104	82	122	52	139	131	128	158	47	79	57	97	103	-1	187	112	73	102	112	170	136	221	109	74	106	162	130	-1	-1	-1	-1	-1	-1	-1	85	114	119
2024	9	15	60	-1	157	66	146	60	80	7	108	177	29	157	219	13	208	18	48	71	14	36	24	218	68	115	179	94	183	154	287	64	8	120	181	132	-1	-1	-1	-1	-1	-1	-1	32	52	31
2024	10	15	48	-1	140	35	129	55	45	65	81	124	53	37	111	102	90	146	82	147	31	51	44	205	29	96	205	152	195	192	207	49	103	144	136	53	-1	-1	-1	-1	-1	-1	-1	68	92	30
2024	11	15	184	-1	130	130	174	85	97	127	163	124	133	124	112	151	88	142	183	136	104	125	57	176	102	186	165	243	83	173	81	66	146	150	108	64	-1	-1	-1	-1	-1	-1	-1	123	108	71
2024	12	15	54	-1	148	98	41	104	92	35	89	151	-1	106	73	28	116	74	78	98	117	70	62	46	91	75	61	57	29	20	44	73	46	43	105	107	-1	-1	-1	-1	-1	-1	-1	111	85	97
2025	1	15	37	-1	71	43	55	37	31	55	107	47	18	60	85	71	123	50	139	52	188	35	44	36	41	24	38	38	45	29	40	36	184	8	42	125	-1	-1	-1	-1	-1	-1	-1	95	82	38
