# QGIS Generated Color Map Export File
INTERPOLATION:DISCRETE
0.20000000000000001,255,255,255,255,<= 0.2 mm
0.40000000000000002,190,190,190,255,0.2 - 0.4 mm
0.59999999999999998,165,165,165,255,0.4 - 0.6 mm
0.80000000000000004,150,150,150,255,0.6 - 0.8 mm
1,130,130,130,255,0.8 - 1.0 mm
3,180,240,250,255,1.0 - 3.0 mm
4,150,210,250,255,3.0 - 4.0 mm
6,120,185,250,255,4.0 - 6.0 mm
8,60,150,245,255,6.0 - 8.0 mm
10,30,110,235,255,8.0 - 10.0 mm
12,20,100,210,255,10.0 - 12.0 mm
14,15,160,15,255,12.0 - 14.0 mm
17,40,190,40,255,14.0 - 17.0 mm
20,80,240,80,255,17.0 - 20.0 mm
24,115,240,110,255,20.0 - 24.0 mm
27,180,250,170,255,24.0 - 27.0 mm
30,255,250,170,255,27.0 - 30.0 mm
30,255,192,60,255,30.0 - 30.0 mm
35,255,232,120,255,30.0 - 35.0 mm
45,255,160,0,255,35.0 - 45.0 mm
50,255,96,0,255,45.0 - 50.0 mm
60,255,50,0,255,50.0 - 60.0 mm
70,225,20,0,255,60.0 - 70.0 mm
80,192,0,0,255,70.0 - 80.0 mm
90,165,0,0,255,80.0 - 90.0 mm
100,135,1,0,255,90.0 - 100.0 mm
inf,103,57,51,255,Mayor a 100 mm
