76.6
117.7
94.8
71.7
113.6
101.7
92.7
112.8
108.9
120.6
120.1
118.3
121.1
124.2
118.5
93.9
87.6
86.2
73.3
97.7
87.9
106.1
98.2
100.8
46.8
93.1
114.0
97.1
92.9
109.2
141.0
82.4
117.8
111.4
84.4
80.4
88.0
108.3
100.1
100.1
102.0
131.7
105.9
49.9
104.7
104.4
67.3
100.0
98.9
111.4
112.7
126.4
142.5
138.1
130.9
127.2
173.3
116.4
145.6
139.9
146.0
140.4
143.3
100.9
121.3
134.1
127.4
125.2
123.5
127.6
139.4
154.7
143.5
139.8
141.2
152.5
147.7
143.5
100.5
92.4
99.5
92.4
103.9
103.2
123.7
116.1
149.3
146.2
154.7
141.5
118.7
120.1
143.2
151.9
149.9
149.2
152.3
118.7
118.7
119.0
122.5
115.5
134.5
88.8
91.5
82.8
100.6
114.1
94.4
100.2
96.6
83.7
71.6
83.8
98.5
84.9
82.1
104.7
124.1
101.3
134.5
74.0
101.3
122.9
155.2
68.0
72.5
124.4
149.1
66.9
89.0
156.7
91.9
155.1
106.7
138.4
132.1
111.9
142.0
155.1
77.9
102.0
96.7
113.9
113.7
102.5
83.7
54.2
58.3
74.1
105.0
100.4
114.4
116.1
89.2
95.6
114.1
69.8
53.6
66.9
73.0
74.1
54.7
64.9
66.3
106.6
44.1
55.9
60.6
64.2
96.7
75.4
106.1
106.8
136.8
80.2
142.2
110.7
97.0
86.9
155.8
155.3
176.2
152.7
114.3
106.7
127.4
124.6
120.7
115.5
94.8
111.8
93.2
166.7
155.2
148.6
107.8
90.6
98.0
125.7
139.8
116.6
116.3
130.6
154.7
129.1
147.8
161.0
122.0
146.2
108.4
134.7
149.3
146.7
94.1
135.4
127.3
125.4
75.1
113.4
103.4
55.2
86.9
119.8
91.4
118.6
116.5
117.3
112.1
96.5
96.6
79.0
77.2
100.8
75.2
104.8
107.9
88.4
109.2
104.1
84.7
63.7
120.8
74.0
125.9
92.6
127.5
112.4
139.6
121.8
129.3
120.3
69.7
135.2
70.4
78.4
76.0
111.9
100.6
83.6
134.9
103.0
131.2
107.8
92.4
96.0
114.0
115.4
93.0
100.1
113.5
139.8
116.5
131.2
132.9
140.4
140.7
110.9
132.1
119.9
100.4
95.6
108.9
119.5
144.2
136.7
154.3
145.0
160.1
142.8
128.7
132.6
127.2
169.3
159.4
131.8
